1	-68.0	-55.0	-46.0	-71.0	-82.0	-74.0	-83.0	-85.0	22.0	-37.0
1	-69.0	-53.0	-46.0	-71.0	-82.0	-74.0	-84.0	-87.0	20.0	-36.0
1	-66.0	-52.0	-39.0	-71.0	-76.0	-73.0	-75.0	-85.0	21.0	-35.0
1	-70.0	-49.0	-43.0	-67.0	-76.0	-73.0	-80.0	-85.0	20.0	-36.0
1	-67.0	-52.0	-45.0	-65.0	-79.0	-70.0	-81.0	-85.0	19.0	-36.0
1	-66.0	-55.0	-43.0	-64.0	-81.0	-67.0	-73.0	-85.0	20.0	-36.0
1	-72.0	-56.0	-46.0	-67.0	-85.0	-75.0	-82.0	-82.0	21.0	-34.0
1	-75.0	-54.0	-46.0	-70.0	-80.0	-75.0	-78.0	-81.0	20.0	-35.0
1	-73.0	-52.0	-44.0	-70.0	-80.0	-75.0	-78.0	-81.0	20.0	-35.0
1	-73.0	-50.0	-43.0	-81.0	-81.0	-74.0	-82.0	-85.0	20.0	-35.0
1	-74.0	-50.0	-44.0	-66.0	-81.0	-69.0	-80.0	-84.0	20.0	-35.0
1	-74.0	-50.0	-40.0	-69.0	-84.0	-64.0	-77.0	-88.0	20.0	-35.0
1	-69.0	-53.0	-39.0	-68.0	-79.0	-70.0	-77.0	-83.0	21.0	-35.0
1	-68.0	-52.0	-34.0	-65.0	-77.0	-71.0	-80.0	-83.0	22.0	-33.0
1	-69.0	-54.0	-41.0	-72.0	-80.0	-70.0	-79.0	-83.0	21.0	-35.0
1	-71.0	-51.0	-38.0	-72.0	-76.0	-76.0	-80.0	-86.0	21.0	-34.0
1	-72.0	-59.0	-42.0	-73.0	-78.0	-75.0	-80.0	-89.0	23.0	-34.0
1	-68.0	-49.0	-44.0	-69.0	-80.0	-75.0	-80.0	-82.0	25.0	-32.0
1	-67.0	-51.0	-44.0	-67.0	-79.0	-72.0	-80.0	-89.0	27.0	-33.0
1	-63.0	-52.0	-42.0	-63.0	-82.0	-71.0	-80.0	-89.0	28.0	-33.0
1	-73.0	-52.0	-49.0	-71.0	-75.0	-72.0	-80.0	-89.0	28.0	-32.0
1	-70.0	-54.0	-47.0	-67.0	-79.0	-67.0	-82.0	-84.0	29.0	-30.0
1	-71.0	-55.0	-51.0	-62.0	-79.0	-65.0	-76.0	-82.0	29.0	-30.0
1	-71.0	-52.0	-53.0	-62.0	-77.0	-67.0	-77.0	-82.0	30.0	-30.0
1	-73.0	-47.0	-46.0	-69.0	-76.0	-65.0	-76.0	-83.0	30.0	-30.0
1	-67.0	-54.0	-45.0	-64.0	-80.0	-69.0	-77.0	-79.0	28.0	-32.0
1	-69.0	-54.0	-42.0	-64.0	-80.0	-71.0	-80.0	-81.0	27.0	-31.0
1	-71.0	-54.0	-40.0	-69.0	-77.0	-68.0	-80.0	-85.0	26.0	-32.0
1	-71.0	-51.0	-45.0	-71.0	-78.0	-68.0	-78.0	-85.0	24.0	-33.0
1	-68.0	-46.0	-45.0	-67.0	-78.0	-69.0	-77.0	-83.0	23.0	-34.0
1	-60.0	-44.0	-46.0	-67.0	-84.0	-69.0	-76.0	-86.0	24.0	-34.0
1	-64.0	-59.0	-46.0	-61.0	-78.0	-67.0	-79.0	-79.0	24.0	-34.0
1	-64.0	-59.0	-49.0	-63.0	-76.0	-69.0	-78.0	-80.0	23.0	-35.0
1	-72.0	-48.0	-51.0	-62.0	-74.0	-70.0	-76.0	-76.0	24.0	-35.0
1	-68.0	-54.0	-47.0	-61.0	-81.0	-69.0	-77.0	-82.0	25.0	-34.0
1	-69.0	-53.0	-47.0	-56.0	-78.0	-65.0	-77.0	-75.0	25.0	-34.0
1	-75.0	-48.0	-51.0	-59.0	-72.0	-69.0	-80.0	-82.0	25.0	-34.0
1	-66.0	-63.0	-53.0	-60.0	-82.0	-65.0	-75.0	-85.0	25.0	-36.0
1	-69.0	-56.0	-48.0	-65.0	-70.0	-69.0	-79.0	-78.0	21.0	-37.0
1	-67.0	-49.0	-38.0	-67.0	-75.0	-71.0	-83.0	-82.0	19.0	-35.0
1	-72.0	-51.0	-45.0	-67.0	-81.0	-74.0	-83.0	-83.0	20.0	-34.0
1	-70.0	-57.0	-45.0	-67.0	-81.0	-68.0	-76.0	-80.0	20.0	-34.0
1	-69.0	-47.0	-44.0	-69.0	-81.0	-67.0	-71.0	-87.0	19.0	-36.0
1	-70.0	-50.0	-38.0	-64.0	-81.0	-68.0	-71.0	-87.0	20.0	-35.0
1	-73.0	-50.0	-35.0	-70.0	-81.0	-69.0	-73.0	-87.0	21.0	-35.0
1	-69.0	-52.0	-36.0	-67.0	-77.0	-74.0	-73.0	-85.0	21.0	-35.0
1	-70.0	-55.0	-38.0	-73.0	-76.0	-74.0	-73.0	-86.0	21.0	-34.0
1	-72.0	-54.0	-39.0	-66.0	-76.0	-73.0	-78.0	-82.0	20.0	-35.0
1	-65.0	-50.0	-35.0	-70.0	-80.0	-76.0	-78.0	-82.0	20.0	-35.0
1	-77.0	-49.0	-37.0	-70.0	-84.0	-73.0	-78.0	-87.0	19.0	-35.0
1	-68.0	-55.0	-30.0	-70.0	-83.0	-74.0	-80.0	-89.0	18.0	-36.0
1	-71.0	-57.0	-33.0	-72.0	-83.0	-70.0	-83.0	-89.0	20.0	-34.0
1	-76.0	-58.0	-32.0	-72.0	-85.0	-71.0	-81.0	-87.0	20.0	-35.0
1	-76.0	-54.0	-35.0	-71.0	-71.0	-71.0	-81.0	-85.0	20.0	-34.0
1	-76.0	-56.0	-33.0	-71.0	-71.0	-72.0	-78.0	-85.0	20.0	-35.0
1	-74.0	-55.0	-29.0	-69.0	-81.0	-70.0	-80.0	-85.0	19.0	-35.0
1	-69.0	-55.0	-30.0	-68.0	-80.0	-74.0	-83.0	-85.0	18.0	-35.0
1	-68.0	-56.0	-28.0	-69.0	-80.0	-72.0	-81.0	-85.0	16.0	-35.0
1	-72.0	-59.0	-26.0	-64.0	-84.0	-76.0	-82.0	-83.0	17.0	-35.0
1	-72.0	-55.0	-26.0	-68.0	-80.0	-71.0	-83.0	-83.0	16.0	-35.0
1	-71.0	-53.0	-31.0	-64.0	-85.0	-72.0	-82.0	-84.0	17.0	-35.0
1	-77.0	-50.0	-31.0	-65.0	-84.0	-72.0	-81.0	-84.0	18.0	-34.0
1	-69.0	-50.0	-32.0	-66.0	-82.0	-70.0	-78.0	-88.0	22.0	-33.0
1	-72.0	-55.0	-38.0	-66.0	-77.0	-72.0	-79.0	-84.0	23.0	-34.0
1	-69.0	-56.0	-46.0	-71.0	-82.0	-73.0	-79.0	-84.0	24.0	-34.0
1	-68.0	-50.0	-39.0	-68.0	-75.0	-73.0	-78.0	-78.0	25.0	-33.0
1	-70.0	-51.0	-42.0	-61.0	-75.0	-69.0	-82.0	-84.0	25.0	-33.0
1	-67.0	-54.0	-45.0	-62.0	-78.0	-69.0	-80.0	-75.0	26.0	-33.0
1	-71.0	-53.0	-43.0	-62.0	-78.0	-71.0	-73.0	-83.0	26.0	-33.0
1	-70.0	-50.0	-50.0	-60.0	-76.0	-70.0	-75.0	-82.0	26.0	-34.0
1	-66.0	-46.0	-55.0	-70.0	-74.0	-68.0	-81.0	-79.0	25.0	-34.0
1	-67.0	-51.0	-44.0	-65.0	-77.0	-66.0	-77.0	-81.0	23.0	-34.0
1	-66.0	-48.0	-45.0	-61.0	-74.0	-67.0	-77.0	-79.0	24.0	-33.0
1	-68.0	-45.0	-53.0	-59.0	-73.0	-71.0	-78.0	-81.0	24.0	-33.0
1	-69.0	-51.0	-46.0	-65.0	-80.0	-68.0	-76.0	-77.0	25.0	-33.0
1	-64.0	-56.0	-47.0	-59.0	-78.0	-73.0	-77.0	-81.0	25.0	-34.0
1	-66.0	-51.0	-45.0	-63.0	-74.0	-70.0	-80.0	-83.0	24.0	-35.0
1	-67.0	-56.0	-44.0	-64.0	-74.0	-68.0	-80.0	-84.0	23.0	-35.0
1	-71.0	-48.0	-49.0	-66.0	-78.0	-70.0	-75.0	-78.0	21.0	-36.0
1	-72.0	-50.0	-51.0	-58.0	-72.0	-68.0	-80.0	-78.0	21.0	-36.0
1	-63.0	-63.0	-50.0	-58.0	-74.0	-67.0	-72.0	-84.0	23.0	-36.0
1	-70.0	-56.0	-48.0	-55.0	-73.0	-64.0	-72.0	-84.0	22.0	-34.0
1	-67.0	-58.0	-43.0	-61.0	-79.0	-69.0	-75.0	-84.0	20.0	-35.0
1	-73.0	-55.0	-47.0	-65.0	-79.0	-70.0	-79.0	-84.0	19.0	-35.0
1	-72.0	-57.0	-48.0	-65.0	-79.0	-70.0	-81.0	-84.0	20.0	-36.0
1	-75.0	-63.0	-48.0	-70.0	-84.0	-68.0	-81.0	-84.0	20.0	-35.0
1	-73.0	-53.0	-45.0	-64.0	-84.0	-71.0	-77.0	-81.0	20.0	-35.0
1	-73.0	-59.0	-47.0	-63.0	-70.0	-67.0	-80.0	-78.0	21.0	-35.0
1	-65.0	-63.0	-53.0	-61.0	-76.0	-68.0	-76.0	-83.0	22.0	-36.0
1	-71.0	-56.0	-45.0	-62.0	-76.0	-73.0	-72.0	-83.0	22.0	-36.0
1	-70.0	-53.0	-48.0	-60.0	-75.0	-71.0	-76.0	-80.0	21.0	-36.0
1	-71.0	-59.0	-45.0	-65.0	-82.0	-69.0	-75.0	-78.0	19.0	-36.0
1	-74.0	-57.0	-40.0	-64.0	-82.0	-68.0	-77.0	-85.0	20.0	-35.0
1	-74.0	-56.0	-45.0	-65.0	-82.0	-70.0	-77.0	-84.0	19.0	-33.0
1	-74.0	-53.0	-42.0	-62.0	-81.0	-67.0	-79.0	-81.0	19.0	-34.0
1	-68.0	-55.0	-42.0	-62.0	-79.0	-66.0	-79.0	-82.0	20.0	-34.0
1	-78.0	-50.0	-50.0	-69.0	-79.0	-64.0	-79.0	-82.0	21.0	-34.0
1	-71.0	-52.0	-39.0	-76.0	-79.0	-74.0	-76.0	-86.0	22.0	-34.0
1	-71.0	-46.0	-39.0	-72.0	-78.0	-74.0	-76.0	-86.0	22.0	-34.0
1	-68.0	-50.0	-39.0	-68.0	-79.0	-72.0	-76.0	-83.0	22.0	-35.0
1	-68.0	-51.0	-40.0	-70.0	-79.0	-71.0	-76.0	-80.0	23.0	-35.0
1	-70.0	-57.0	-42.0	-69.0	-79.0	-71.0	-84.0	-83.0	22.0	-34.0
1	-66.0	-50.0	-40.0	-74.0	-80.0	-67.0	-80.0	-78.0	23.0	-34.0
1	-71.0	-50.0	-46.0	-69.0	-81.0	-72.0	-80.0	-85.0	23.0	-34.0
1	-68.0	-51.0	-44.0	-71.0	-76.0	-72.0	-82.0	-86.0	23.0	-34.0
1	-68.0	-47.0	-49.0	-71.0	-80.0	-74.0	-81.0	-83.0	23.0	-34.0
1	-68.0	-49.0	-43.0	-69.0	-80.0	-73.0	-82.0	-82.0	24.0	-33.0
1	-66.0	-47.0	-43.0	-61.0	-79.0	-72.0	-81.0	-79.0	23.0	-33.0
1	-68.0	-46.0	-40.0	-75.0	-79.0	-68.0	-78.0	-79.0	22.0	-30.0
1	-69.0	-43.0	-44.0	-64.0	-81.0	-64.0	-78.0	-83.0	18.0	-32.0
1	-74.0	-50.0	-41.0	-64.0	-81.0	-68.0	-75.0	-87.0	20.0	-34.0
1	-70.0	-54.0	-44.0	-65.0	-77.0	-65.0	-76.0	-84.0	19.0	-34.0
1	-67.0	-52.0	-40.0	-65.0	-77.0	-68.0	-80.0	-86.0	19.0	-35.0
1	-74.0	-63.0	-44.0	-72.0	-77.0	-69.0	-81.0	-86.0	19.0	-35.0
1	-68.0	-52.0	-37.0	-68.0	-77.0	-67.0	-75.0	-85.0	20.0	-35.0
1	-67.0	-49.0	-44.0	-64.0	-80.0	-77.0	-76.0	-83.0	20.0	-35.0
1	-70.0	-50.0	-45.0	-64.0	-80.0	-71.0	-79.0	-87.0	22.0	-34.0
1	-72.0	-53.0	-41.0	-70.0	-80.0	-73.0	-79.0	-87.0	22.0	-34.0
1	-63.0	-51.0	-45.0	-68.0	-76.0	-71.0	-79.0	-88.0	23.0	-33.0
1	-70.0	-54.0	-35.0	-68.0	-81.0	-70.0	-78.0	-88.0	23.0	-34.0
1	-71.0	-56.0	-37.0	-68.0	-80.0	-73.0	-78.0	-83.0	23.0	-34.0
1	-73.0	-50.0	-40.0	-68.0	-80.0	-71.0	-82.0	-86.0	22.0	-33.0
1	-74.0	-56.0	-38.0	-62.0	-79.0	-75.0	-82.0	-86.0	23.0	-34.0
1	-71.0	-66.0	-32.0	-65.0	-84.0	-65.0	-82.0	-85.0	22.0	-33.0
1	-71.0	-55.0	-34.0	-60.0	-82.0	-73.0	-75.0	-85.0	22.0	-34.0
1	-75.0	-57.0	-39.0	-69.0	-82.0	-71.0	-83.0	-84.0	23.0	-33.0
1	-69.0	-62.0	-38.0	-66.0	-78.0	-72.0	-79.0	-86.0	23.0	-33.0
1	-74.0	-56.0	-33.0	-65.0	-78.0	-71.0	-77.0	-86.0	22.0	-33.0
1	-77.0	-53.0	-38.0	-62.0	-79.0	-69.0	-76.0	-83.0	21.0	-34.0
1	-73.0	-54.0	-35.0	-69.0	-79.0	-71.0	-78.0	-86.0	21.0	-34.0
1	-76.0	-51.0	-38.0	-69.0	-79.0	-74.0	-81.0	-85.0	22.0	-33.0
1	-68.0	-50.0	-38.0	-70.0	-79.0	-71.0	-80.0	-86.0	23.0	-34.0
1	-70.0	-56.0	-41.0	-60.0	-78.0	-71.0	-82.0	-87.0	25.0	-33.0
1	-73.0	-56.0	-46.0	-64.0	-74.0	-72.0	-82.0	-87.0	25.0	-33.0
1	-70.0	-55.0	-41.0	-60.0	-81.0	-72.0	-81.0	-84.0	25.0	-34.0
1	-67.0	-59.0	-38.0	-62.0	-81.0	-67.0	-82.0	-85.0	25.0	-33.0
1	-62.0	-62.0	-42.0	-59.0	-76.0	-69.0	-81.0	-85.0	25.0	-33.0
1	-64.0	-62.0	-43.0	-56.0	-76.0	-75.0	-79.0	-84.0	26.0	-33.0
1	-64.0	-61.0	-44.0	-58.0	-75.0	-75.0	-78.0	-82.0	25.0	-32.0
1	-63.0	-55.0	-38.0	-61.0	-78.0	-71.0	-81.0	-83.0	25.0	-33.0
1	-68.0	-56.0	-39.0	-59.0	-84.0	-69.0	-83.0	-83.0	25.0	-33.0
1	-69.0	-58.0	-38.0	-61.0	-83.0	-69.0	-80.0	-85.0	25.0	-33.0
1	-65.0	-58.0	-38.0	-60.0	-83.0	-68.0	-82.0	-85.0	25.0	-33.0
1	-65.0	-55.0	-38.0	-59.0	-83.0	-67.0	-83.0	-88.0	25.0	-33.0
1	-65.0	-50.0	-42.0	-60.0	-78.0	-65.0	-83.0	-86.0	25.0	-32.0
1	-64.0	-50.0	-48.0	-66.0	-82.0	-68.0	-78.0	-88.0	26.0	-33.0
1	-69.0	-53.0	-43.0	-58.0	-84.0	-70.0	-80.0	-88.0	25.0	-33.0
1	-69.0	-51.0	-46.0	-64.0	-78.0	-68.0	-75.0	-88.0	25.0	-33.0
1	-69.0	-42.0	-47.0	-66.0	-78.0	-67.0	-76.0	-88.0	24.0	-34.0
1	-71.0	-47.0	-48.0	-65.0	-75.0	-67.0	-81.0	-79.0	24.0	-33.0
1	-70.0	-49.0	-49.0	-65.0	-73.0	-68.0	-76.0	-77.0	24.0	-34.0
1	-70.0	-48.0	-52.0	-65.0	-73.0	-68.0	-75.0	-79.0	23.0	-34.0
1	-69.0	-47.0	-52.0	-65.0	-72.0	-67.0	-74.0	-79.0	23.0	-34.0
1	-68.0	-49.0	-50.0	-65.0	-73.0	-68.0	-74.0	-79.0	23.0	-33.0
1	-69.0	-49.0	-48.0	-65.0	-72.0	-61.0	-74.0	-79.0	24.0	-34.0
1	-70.0	-50.0	-49.0	-65.0	-73.0	-67.0	-74.0	-79.0	23.0	-33.0
1	-68.0	-48.0	-48.0	-65.0	-72.0	-67.0	-74.0	-79.0	24.0	-34.0
1	-72.0	-48.0	-47.0	-65.0	-73.0	-67.0	-73.0	-80.0	24.0	-34.0
1	-68.0	-49.0	-48.0	-66.0	-73.0	-68.0	-74.0	-80.0	23.0	-34.0
1	-67.0	-48.0	-50.0	-65.0	-73.0	-67.0	-75.0	-78.0	24.0	-34.0
1	-69.0	-46.0	-47.0	-63.0	-73.0	-67.0	-74.0	-78.0	24.0	-33.0
1	-65.0	-46.0	-44.0	-63.0	-77.0	-66.0	-79.0	-83.0	24.0	-33.0
1	-68.0	-47.0	-45.0	-69.0	-81.0	-64.0	-79.0	-85.0	24.0	-33.0
1	-68.0	-53.0	-44.0	-64.0	-75.0	-70.0	-79.0	-83.0	23.0	-34.0
1	-65.0	-51.0	-45.0	-69.0	-78.0	-72.0	-80.0	-82.0	25.0	-34.0
1	-69.0	-51.0	-41.0	-64.0	-78.0	-72.0	-79.0	-86.0	23.0	-34.0
1	-68.0	-55.0	-43.0	-66.0	-76.0	-74.0	-79.0	-84.0	23.0	-34.0
1	-69.0	-55.0	-46.0	-65.0	-76.0	-73.0	-80.0	-85.0	23.0	-35.0
1	-67.0	-52.0	-48.0	-73.0	-77.0	-75.0	-78.0	-84.0	22.0	-34.0
1	-72.0	-49.0	-39.0	-61.0	-77.0	-74.0	-77.0	-83.0	23.0	-34.0
1	-65.0	-47.0	-40.0	-67.0	-79.0	-64.0	-81.0	-83.0	21.0	-33.0
1	-67.0	-55.0	-41.0	-62.0	-83.0	-72.0	-74.0	-84.0	22.0	-30.0
1	-65.0	-46.0	-39.0	-62.0	-85.0	-70.0	-74.0	-84.0	20.0	-30.0
1	-68.0	-47.0	-51.0	-64.0	-85.0	-68.0	-80.0	-88.0	18.0	-31.0
1	-68.0	-57.0	-37.0	-70.0	-85.0	-65.0	-77.0	-87.0	18.0	-33.0
1	-72.0	-59.0	-48.0	-64.0	-85.0	-66.0	-76.0	-87.0	18.0	-35.0
1	-72.0	-57.0	-47.0	-68.0	-78.0	-68.0	-74.0	-86.0	19.0	-35.0
1	-76.0	-51.0	-39.0	-67.0	-85.0	-68.0	-79.0	-85.0	19.0	-35.0
1	-71.0	-52.0	-45.0	-70.0	-79.0	-62.0	-75.0	-88.0	19.0	-35.0
1	-75.0	-54.0	-48.0	-62.0	-79.0	-72.0	-76.0	-85.0	20.0	-35.0
1	-73.0	-57.0	-42.0	-62.0	-78.0	-68.0	-73.0	-80.0	21.0	-34.0
1	-69.0	-53.0	-38.0	-64.0	-82.0	-65.0	-80.0	-83.0	20.0	-35.0
1	-69.0	-53.0	-43.0	-64.0	-77.0	-69.0	-80.0	-88.0	22.0	-34.0
1	-72.0	-54.0	-43.0	-61.0	-77.0	-70.0	-77.0	-86.0	21.0	-34.0
1	-73.0	-56.0	-44.0	-68.0	-77.0	-68.0	-78.0	-84.0	21.0	-33.0
1	-69.0	-54.0	-36.0	-64.0	-73.0	-69.0	-75.0	-83.0	22.0	-32.0
1	-74.0	-55.0	-37.0	-64.0	-73.0	-73.0	-73.0	-83.0	22.0	-32.0
1	-69.0	-52.0	-40.0	-69.0	-76.0	-73.0	-74.0	-85.0	22.0	-33.0
1	-70.0	-52.0	-41.0	-69.0	-74.0	-73.0	-75.0	-85.0	22.0	-32.0
1	-69.0	-52.0	-35.0	-69.0	-75.0	-72.0	-75.0	-84.0	21.0	-32.0
1	-76.0	-52.0	-40.0	-69.0	-79.0	-73.0	-74.0	-84.0	21.0	-32.0
1	-74.0	-52.0	-39.0	-70.0	-82.0	-73.0	-79.0	-84.0	20.0	-33.0
1	-77.0	-50.0	-45.0	-68.0	-85.0	-73.0	-81.0	-85.0	20.0	-35.0
1	-70.0	-55.0	-37.0	-68.0	-85.0	-72.0	-80.0	-85.0	20.0	-35.0
1	-71.0	-51.0	-36.0	-70.0	-79.0	-72.0	-80.0	-86.0	21.0	-34.0
1	-69.0	-50.0	-45.0	-68.0	-80.0	-75.0	-81.0	-81.0	24.0	-31.0
1	-64.0	-49.0	-43.0	-66.0	-80.0	-71.0	-76.0	-85.0	27.0	-29.0
1	-67.0	-48.0	-43.0	-64.0	-79.0	-75.0	-81.0	-85.0	27.0	-32.0
1	-73.0	-55.0	-48.0	-71.0	-81.0	-75.0	-86.0	-86.0	27.0	-31.0
1	-66.0	-53.0	-48.0	-67.0	-76.0	-72.0	-80.0	-80.0	28.0	-31.0
1	-65.0	-55.0	-44.0	-73.0	-79.0	-69.0	-79.0	-83.0	29.0	-30.0
1	-74.0	-45.0	-45.0	-69.0	-82.0	-67.0	-79.0	-83.0	27.0	-30.0
1	-67.0	-50.0	-39.0	-66.0	-79.0	-74.0	-77.0	-83.0	26.0	-31.0
1	-66.0	-54.0	-47.0	-65.0	-78.0	-71.0	-77.0	-85.0	25.0	-32.0
1	-65.0	-51.0	-47.0	-62.0	-76.0	-70.0	-77.0	-86.0	25.0	-33.0
1	-69.0	-51.0	-46.0	-65.0	-76.0	-68.0	-76.0	-83.0	24.0	-33.0
1	-66.0	-56.0	-45.0	-60.0	-77.0	-67.0	-77.0	-84.0	24.0	-31.0
1	-65.0	-46.0	-51.0	-71.0	-78.0	-71.0	-77.0	-81.0	23.0	-34.0
1	-65.0	-59.0	-46.0	-68.0	-74.0	-69.0	-78.0	-81.0	24.0	-34.0
1	-69.0	-53.0	-50.0	-62.0	-77.0	-68.0	-77.0	-77.0	24.0	-31.0
1	-68.0	-53.0	-62.0	-56.0	-78.0	-76.0	-80.0	-79.0	23.0	-31.0
1	-68.0	-51.0	-50.0	-60.0	-73.0	-70.0	-82.0	-79.0	23.0	-31.0
1	-69.0	-49.0	-51.0	-59.0	-74.0	-70.0	-82.0	-77.0	23.0	-31.0
1	-68.0	-49.0	-51.0	-59.0	-74.0	-70.0	-82.0	-79.0	23.0	-31.0
1	-66.0	-50.0	-52.0	-58.0	-75.0	-70.0	-79.0	-79.0	23.0	-31.0
1	-67.0	-51.0	-56.0	-57.0	-75.0	-70.0	-79.0	-80.0	23.0	-30.0
1	-66.0	-50.0	-55.0	-57.0	-76.0	-70.0	-79.0	-77.0	24.0	-31.0
1	-66.0	-50.0	-56.0	-57.0	-77.0	-70.0	-79.0	-79.0	24.0	-31.0
1	-65.0	-51.0	-55.0	-57.0	-77.0	-69.0	-79.0	-79.0	23.0	-31.0
1	-66.0	-51.0	-56.0	-57.0	-77.0	-69.0	-79.0	-79.0	23.0	-30.0
1	-72.0	-51.0	-49.0	-59.0	-73.0	-70.0	-79.0	-82.0	23.0	-31.0
1	-69.0	-50.0	-45.0	-59.0	-76.0	-73.0	-83.0	-84.0	22.0	-32.0
1	-67.0	-50.0	-40.0	-75.0	-79.0	-74.0	-78.0	-85.0	22.0	-32.0
1	-70.0	-52.0	-38.0	-62.0	-83.0	-71.0	-80.0	-81.0	21.0	-31.0
1	-65.0	-47.0	-41.0	-64.0	-79.0	-70.0	-75.0	-82.0	24.0	-29.0
1	-74.0	-56.0	-38.0	-69.0	-74.0	-73.0	-77.0	-82.0	24.0	-29.0
1	-69.0	-53.0	-42.0	-65.0	-81.0	-76.0	-81.0	-86.0	26.0	-29.0
1	-70.0	-56.0	-43.0	-71.0	-85.0	-74.0	-81.0	-82.0	27.0	-30.0
1	-78.0	-54.0	-42.0	-68.0	-85.0	-72.0	-83.0	-84.0	27.0	-30.0
1	-72.0	-54.0	-43.0	-69.0	-86.0	-72.0	-83.0	-74.0	28.0	-30.0
1	-76.0	-53.0	-43.0	-69.0	-86.0	-72.0	-81.0	-82.0	27.0	-30.0
1	-76.0	-53.0	-44.0	-68.0	-74.0	-72.0	-81.0	-82.0	28.0	-29.0
1	-77.0	-52.0	-44.0	-67.0	-85.0	-73.0	-82.0	-82.0	27.0	-30.0
1	-76.0	-50.0	-44.0	-67.0	-85.0	-73.0	-82.0	-82.0	28.0	-30.0
1	-78.0	-51.0	-44.0	-67.0	-85.0	-73.0	-82.0	-82.0	28.0	-30.0
1	-77.0	-52.0	-43.0	-68.0	-85.0	-72.0	-82.0	-87.0	28.0	-30.0
1	-76.0	-51.0	-43.0	-67.0	-85.0	-73.0	-82.0	-84.0	28.0	-30.0
1	-76.0	-55.0	-42.0	-67.0	-86.0	-72.0	-82.0	-83.0	28.0	-30.0
1	-69.0	-51.0	-37.0	-65.0	-81.0	-74.0	-82.0	-88.0	28.0	-29.0
1	-65.0	-50.0	-46.0	-69.0	-80.0	-69.0	-82.0	-85.0	29.0	-30.0
1	-67.0	-46.0	-48.0	-62.0	-79.0	-63.0	-80.0	-86.0	26.0	-30.0
1	-66.0	-44.0	-49.0	-68.0	-76.0	-67.0	-80.0	-85.0	24.0	-30.0
2	-55.0	-32.0	-50.0	-77.0	-73.0	-77.0	-85.0	-74.0	27.0	-34.0
2	-58.0	-34.0	-58.0	-77.0	-80.0	-79.0	-84.0	-79.0	26.0	-34.0
2	-56.0	-33.0	-51.0	-73.0	-80.0	-75.0	-86.0	-76.0	26.0	-33.0
2	-69.0	-37.0	-51.0	-73.0	-80.0	-76.0	-84.0	-82.0	25.0	-35.0
2	-66.0	-36.0	-50.0	-73.0	-71.0	-75.0	-83.0	-82.0	22.0	-35.0
2	-64.0	-49.0	-47.0	-74.0	-71.0	-77.0	-83.0	-79.0	23.0	-33.0
2	-69.0	-47.0	-53.0	-76.0	-77.0	-76.0	-81.0	-86.0	22.0	-33.0
2	-61.0	-52.0	-43.0	-71.0	-77.0	-82.0	-84.0	-77.0	23.0	-31.0
2	-61.0	-54.0	-44.0	-71.0	-73.0	-75.0	-81.0	-82.0	23.0	-31.0
2	-58.0	-44.0	-48.0	-71.0	-71.0	-75.0	-83.0	-86.0	24.0	-31.0
2	-60.0	-46.0	-47.0	-71.0	-76.0	-78.0	-83.0	-83.0	24.0	-31.0
2	-66.0	-45.0	-46.0	-73.0	-69.0	-76.0	-84.0	-82.0	22.0	-30.0
2	-62.0	-39.0	-50.0	-72.0	-69.0	-78.0	-84.0	-79.0	18.0	-30.0
2	-59.0	-36.0	-52.0	-72.0	-69.0	-79.0	-83.0	-85.0	21.0	-30.0
2	-62.0	-49.0	-46.0	-72.0	-69.0	-80.0	-82.0	-78.0	23.0	-30.0
2	-69.0	-44.0	-53.0	-69.0	-71.0	-84.0	-84.0	-76.0	24.0	-30.0
2	-66.0	-37.0	-52.0	-69.0	-70.0	-78.0	-84.0	-77.0	25.0	-31.0
2	-60.0	-37.0	-52.0	-79.0	-71.0	-79.0	-83.0	-79.0	24.0	-32.0
2	-57.0	-44.0	-48.0	-61.0	-71.0	-79.0	-83.0	-80.0	24.0	-32.0
2	-57.0	-37.0	-54.0	-65.0	-74.0	-75.0	-83.0	-74.0	24.0	-32.0
2	-64.0	-34.0	-57.0	-73.0	-74.0	-79.0	-83.0	-77.0	25.0	-34.0
2	-60.0	-29.0	-56.0	-69.0	-74.0	-75.0	-84.0	-77.0	26.0	-35.0
2	-58.0	-33.0	-55.0	-68.0	-77.0	-73.0	-84.0	-71.0	25.0	-35.0
2	-56.0	-28.0	-56.0	-68.0	-77.0	-72.0	-84.0	-81.0	27.0	-34.0
2	-59.0	-32.0	-61.0	-75.0	-71.0	-76.0	-84.0	-68.0	28.0	-34.0
2	-56.0	-35.0	-61.0	-75.0	-74.0	-75.0	-85.0	-82.0	28.0	-34.0
2	-59.0	-37.0	-52.0	-77.0	-73.0	-78.0	-85.0	-84.0	27.0	-34.0
2	-61.0	-35.0	-61.0	-68.0	-73.0	-74.0	-86.0	-77.0	27.0	-34.0
2	-60.0	-40.0	-52.0	-67.0	-79.0	-72.0	-86.0	-80.0	26.0	-34.0
2	-58.0	-46.0	-55.0	-67.0	-84.0	-71.0	-82.0	-75.0	23.0	-34.0
2	-67.0	-50.0	-56.0	-65.0	-74.0	-69.0	-82.0	-72.0	22.0	-36.0
2	-65.0	-46.0	-67.0	-65.0	-74.0	-71.0	-82.0	-78.0	21.0	-36.0
2	-62.0	-47.0	-51.0	-65.0	-77.0	-70.0	-85.0	-86.0	21.0	-36.0
2	-67.0	-54.0	-55.0	-66.0	-72.0	-71.0	-79.0	-68.0	21.0	-36.0
2	-69.0	-43.0	-52.0	-71.0	-75.0	-73.0	-76.0	-89.0	22.0	-34.0
2	-63.0	-40.0	-52.0	-64.0	-75.0	-73.0	-76.0	-80.0	24.0	-34.0
2	-64.0	-42.0	-50.0	-67.0	-76.0	-73.0	-81.0	-80.0	25.0	-35.0
2	-58.0	-36.0	-51.0	-67.0	-76.0	-75.0	-84.0	-80.0	24.0	-34.0
2	-62.0	-37.0	-53.0	-67.0	-79.0	-74.0	-85.0	-81.0	23.0	-35.0
2	-59.0	-36.0	-50.0	-73.0	-79.0	-77.0	-85.0	-82.0	22.0	-35.0
2	-60.0	-39.0	-57.0	-76.0	-73.0	-75.0	-83.0	-82.0	21.0	-36.0
2	-65.0	-44.0	-48.0	-73.0	-76.0	-78.0	-83.0	-76.0	21.0	-35.0
2	-65.0	-44.0	-51.0	-77.0	-72.0	-75.0	-83.0	-83.0	22.0	-33.0
2	-64.0	-44.0	-48.0	-72.0	-74.0	-74.0	-83.0	-83.0	20.0	-32.0
2	-63.0	-47.0	-52.0	-73.0	-74.0	-75.0	-84.0	-81.0	22.0	-33.0
2	-62.0	-45.0	-49.0	-73.0	-73.0	-79.0	-81.0	-81.0	22.0	-33.0
2	-62.0	-49.0	-48.0	-73.0	-72.0	-77.0	-84.0	-79.0	21.0	-32.0
2	-59.0	-45.0	-53.0	-73.0	-70.0	-78.0	-84.0	-83.0	19.0	-31.0
2	-60.0	-44.0	-43.0	-73.0	-73.0	-74.0	-84.0	-75.0	21.0	-31.0
2	-62.0	-43.0	-45.0	-72.0	-71.0	-78.0	-87.0	-75.0	22.0	-32.0
2	-58.0	-42.0	-53.0	-72.0	-75.0	-79.0	-85.0	-79.0	24.0	-32.0
2	-60.0	-45.0	-51.0	-73.0	-80.0	-77.0	-85.0	-79.0	24.0	-33.0
2	-54.0	-40.0	-54.0	-63.0	-73.0	-77.0	-86.0	-81.0	25.0	-33.0
2	-56.0	-37.0	-52.0	-64.0	-79.0	-77.0	-86.0	-75.0	25.0	-34.0
2	-56.0	-35.0	-51.0	-62.0	-74.0	-75.0	-85.0	-75.0	25.0	-35.0
2	-60.0	-32.0	-53.0	-70.0	-77.0	-73.0	-85.0	-75.0	26.0	-35.0
2	-57.0	-30.0	-59.0	-63.0	-71.0	-74.0	-85.0	-77.0	27.0	-35.0
2	-55.0	-27.0	-57.0	-63.0	-71.0	-77.0	-85.0	-82.0	27.0	-35.0
2	-59.0	-28.0	-63.0	-66.0	-71.0	-77.0	-86.0	-80.0	26.0	-35.0
2	-64.0	-30.0	-60.0	-76.0	-71.0	-79.0	-86.0	-76.0	26.0	-35.0
2	-67.0	-29.0	-56.0	-72.0	-70.0	-75.0	-82.0	-76.0	26.0	-35.0
2	-61.0	-33.0	-59.0	-65.0	-74.0	-78.0	-81.0	-79.0	27.0	-36.0
2	-59.0	-37.0	-56.0	-77.0	-70.0	-77.0	-81.0	-77.0	29.0	-34.0
2	-61.0	-36.0	-57.0	-74.0	-76.0	-75.0	-83.0	-84.0	29.0	-34.0
2	-60.0	-34.0	-57.0	-74.0	-76.0	-76.0	-83.0	-76.0	27.0	-37.0
2	-65.0	-31.0	-57.0	-68.0	-75.0	-76.0	-86.0	-81.0	25.0	-37.0
2	-62.0	-30.0	-54.0	-72.0	-77.0	-77.0	-86.0	-78.0	25.0	-36.0
2	-57.0	-32.0	-57.0	-73.0	-77.0	-75.0	-86.0	-76.0	24.0	-36.0
2	-56.0	-33.0	-53.0	-71.0	-75.0	-77.0	-80.0	-80.0	24.0	-37.0
2	-59.0	-34.0	-54.0	-80.0	-74.0	-77.0	-85.0	-84.0	24.0	-37.0
2	-59.0	-38.0	-55.0	-80.0	-72.0	-74.0	-86.0	-80.0	22.0	-36.0
2	-66.0	-36.0	-50.0	-64.0	-72.0	-76.0	-83.0	-80.0	22.0	-37.0
2	-62.0	-44.0	-54.0	-75.0	-73.0	-72.0	-84.0	-80.0	19.0	-36.0
2	-58.0	-47.0	-51.0	-73.0	-82.0	-78.0	-84.0	-77.0	19.0	-37.0
2	-67.0	-46.0	-50.0	-69.0	-73.0	-74.0	-83.0	-81.0	21.0	-34.0
2	-65.0	-49.0	-49.0	-75.0	-72.0	-79.0	-85.0	-80.0	21.0	-34.0
2	-64.0	-48.0	-50.0	-75.0	-72.0	-76.0	-86.0	-80.0	21.0	-33.0
2	-62.0	-47.0	-45.0	-72.0	-76.0	-76.0	-84.0	-85.0	22.0	-33.0
2	-58.0	-44.0	-47.0	-70.0	-72.0	-76.0	-84.0	-88.0	22.0	-34.0
2	-63.0	-47.0	-50.0	-74.0	-76.0	-79.0	-84.0	-80.0	23.0	-33.0
2	-63.0	-43.0	-48.0	-73.0	-77.0	-80.0	-85.0	-76.0	21.0	-32.0
2	-63.0	-42.0	-52.0	-68.0	-69.0	-79.0	-85.0	-78.0	23.0	-31.0
2	-57.0	-37.0	-50.0	-70.0	-76.0	-79.0	-86.0	-81.0	24.0	-32.0
2	-63.0	-41.0	-48.0	-75.0	-74.0	-79.0	-84.0	-84.0	25.0	-32.0
2	-69.0	-44.0	-52.0	-78.0	-76.0	-77.0	-85.0	-79.0	25.0	-33.0
2	-59.0	-46.0	-52.0	-78.0	-68.0	-75.0	-84.0	-80.0	24.0	-33.0
2	-58.0	-36.0	-55.0	-62.0	-70.0	-77.0	-86.0	-77.0	25.0	-33.0
2	-62.0	-33.0	-54.0	-63.0	-66.0	-75.0	-85.0	-80.0	24.0	-35.0
2	-60.0	-37.0	-59.0	-63.0	-80.0	-76.0	-85.0	-80.0	24.0	-35.0
2	-65.0	-33.0	-53.0	-63.0	-74.0	-71.0	-85.0	-77.0	24.0	-35.0
2	-64.0	-35.0	-52.0	-62.0	-71.0	-70.0	-84.0	-83.0	24.0	-35.0
2	-61.0	-36.0	-51.0	-62.0	-72.0	-73.0	-84.0	-80.0	23.0	-35.0
2	-63.0	-36.0	-50.0	-62.0	-70.0	-72.0	-85.0	-82.0	23.0	-35.0
2	-62.0	-35.0	-51.0	-63.0	-71.0	-71.0	-84.0	-80.0	24.0	-35.0
2	-63.0	-38.0	-59.0	-64.0	-73.0	-72.0	-84.0	-80.0	24.0	-35.0
2	-61.0	-42.0	-55.0	-64.0	-73.0	-79.0	-84.0	-77.0	26.0	-35.0
2	-58.0	-33.0	-59.0	-76.0	-73.0	-72.0	-85.0	-74.0	25.0	-35.0
2	-56.0	-35.0	-59.0	-73.0	-73.0	-73.0	-82.0	-75.0	27.0	-35.0
2	-59.0	-36.0	-52.0	-70.0	-74.0	-76.0	-82.0	-79.0	27.0	-35.0
2	-60.0	-42.0	-59.0	-74.0	-71.0	-73.0	-82.0	-80.0	26.0	-35.0
2	-67.0	-44.0	-57.0	-64.0	-74.0	-70.0	-83.0	-83.0	23.0	-37.0
2	-70.0	-45.0	-56.0	-70.0	-70.0	-72.0	-80.0	-78.0	23.0	-36.0
2	-64.0	-54.0	-55.0	-68.0	-68.0	-71.0	-82.0	-79.0	24.0	-36.0
2	-72.0	-49.0	-56.0	-69.0	-73.0	-74.0	-82.0	-79.0	24.0	-36.0
2	-65.0	-45.0	-57.0	-74.0	-73.0	-73.0	-83.0	-80.0	24.0	-35.0
2	-68.0	-38.0	-52.0	-74.0	-79.0	-74.0	-82.0	-81.0	23.0	-33.0
2	-64.0	-43.0	-50.0	-77.0	-75.0	-75.0	-82.0	-77.0	23.0	-31.0
2	-59.0	-44.0	-51.0	-78.0	-72.0	-75.0	-82.0	-76.0	23.0	-30.0
2	-58.0	-44.0	-50.0	-79.0	-72.0	-74.0	-85.0	-77.0	23.0	-30.0
2	-57.0	-36.0	-52.0	-79.0	-76.0	-77.0	-85.0	-77.0	24.0	-31.0
2	-61.0	-36.0	-47.0	-76.0	-72.0	-76.0	-85.0	-81.0	23.0	-33.0
2	-56.0	-39.0	-53.0	-76.0	-75.0	-76.0	-85.0	-81.0	25.0	-34.0
2	-56.0	-34.0	-53.0	-76.0	-75.0	-78.0	-85.0	-75.0	24.0	-35.0
2	-57.0	-32.0	-55.0	-76.0	-69.0	-76.0	-85.0	-76.0	24.0	-37.0
2	-58.0	-33.0	-53.0	-73.0	-74.0	-79.0	-85.0	-83.0	22.0	-38.0
2	-58.0	-36.0	-51.0	-70.0	-73.0	-76.0	-84.0	-81.0	21.0	-37.0
2	-55.0	-42.0	-55.0	-67.0	-72.0	-76.0	-81.0	-78.0	20.0	-37.0
2	-60.0	-46.0	-51.0	-64.0	-76.0	-75.0	-86.0	-86.0	20.0	-36.0
2	-69.0	-51.0	-52.0	-73.0	-77.0	-75.0	-84.0	-80.0	20.0	-35.0
2	-61.0	-39.0	-44.0	-71.0	-70.0	-78.0	-84.0	-77.0	19.0	-33.0
2	-63.0	-48.0	-57.0	-78.0	-73.0	-76.0	-84.0	-84.0	18.0	-32.0
2	-68.0	-53.0	-45.0	-75.0	-80.0	-77.0	-83.0	-80.0	16.0	-31.0
2	-58.0	-46.0	-50.0	-75.0	-74.0	-76.0	-84.0	-77.0	16.0	-29.0
2	-62.0	-45.0	-49.0	-74.0	-75.0	-77.0	-86.0	-77.0	12.0	-29.0
2	-62.0	-50.0	-50.0	-73.0	-77.0	-78.0	-84.0	-82.0	16.0	-29.0
2	-61.0	-47.0	-47.0	-74.0	-73.0	-79.0	-84.0	-82.0	20.0	-29.0
2	-63.0	-49.0	-45.0	-72.0	-78.0	-76.0	-86.0	-83.0	21.0	-30.0
2	-58.0	-45.0	-55.0	-70.0	-80.0	-79.0	-85.0	-81.0	22.0	-31.0
2	-66.0	-37.0	-55.0	-73.0	-74.0	-80.0	-84.0	-75.0	30.0	-32.0
2	-66.0	-46.0	-53.0	-74.0	-73.0	-77.0	-85.0	-78.0	37.0	-38.0
2	-58.0	-46.0	-52.0	-75.0	-77.0	-76.0	-85.0	-78.0	36.0	-35.0
2	-63.0	-36.0	-50.0	-68.0	-73.0	-77.0	-85.0	-73.0	32.0	-34.0
2	-66.0	-46.0	-53.0	-72.0	-75.0	-79.0	-85.0	-77.0	25.0	-33.0
2	-62.0	-40.0	-52.0	-75.0	-74.0	-75.0	-84.0	-76.0	25.0	-33.0
2	-62.0	-50.0	-51.0	-68.0	-70.0	-76.0	-83.0	-79.0	24.0	-33.0
2	-63.0	-35.0	-50.0	-62.0	-69.0	-82.0	-85.0	-81.0	25.0	-33.0
2	-62.0	-39.0	-55.0	-65.0	-77.0	-72.0	-85.0	-82.0	25.0	-35.0
2	-61.0	-31.0	-56.0	-73.0	-71.0	-79.0	-83.0	-83.0	27.0	-36.0
2	-64.0	-30.0	-65.0	-63.0	-80.0	-78.0	-85.0	-77.0	27.0	-35.0
2	-60.0	-35.0	-55.0	-69.0	-74.0	-73.0	-84.0	-75.0	28.0	-35.0
2	-58.0	-36.0	-54.0	-71.0	-77.0	-75.0	-83.0	-75.0	28.0	-35.0
2	-65.0	-49.0	-51.0	-68.0	-69.0	-68.0	-80.0	-75.0	24.0	-36.0
2	-68.0	-44.0	-54.0	-67.0	-76.0	-73.0	-83.0	-74.0	23.0	-37.0
2	-64.0	-38.0	-51.0	-70.0	-74.0	-75.0	-80.0	-85.0	23.0	-37.0
2	-63.0	-36.0	-59.0	-63.0	-77.0	-73.0	-79.0	-76.0	23.0	-36.0
2	-62.0	-33.0	-53.0	-62.0	-79.0	-74.0	-82.0	-81.0	23.0	-37.0
2	-59.0	-41.0	-53.0	-69.0	-75.0	-73.0	-81.0	-80.0	21.0	-37.0
2	-63.0	-47.0	-47.0	-67.0	-74.0	-77.0	-84.0	-80.0	22.0	-37.0
2	-61.0	-38.0	-47.0	-65.0	-73.0	-73.0	-85.0	-79.0	21.0	-37.0
2	-59.0	-41.0	-50.0	-65.0	-76.0	-72.0	-80.0	-80.0	19.0	-36.0
2	-63.0	-42.0	-51.0	-76.0	-72.0	-76.0	-84.0	-84.0	19.0	-36.0
2	-62.0	-45.0	-53.0	-70.0	-74.0	-75.0	-82.0	-80.0	21.0	-34.0
2	-57.0	-43.0	-51.0	-70.0	-71.0	-77.0	-83.0	-80.0	21.0	-34.0
2	-66.0	-46.0	-56.0	-70.0	-73.0	-77.0	-85.0	-76.0	20.0	-34.0
2	-58.0	-51.0	-49.0	-70.0	-74.0	-77.0	-81.0	-79.0	22.0	-33.0
2	-63.0	-44.0	-48.0	-71.0	-70.0	-79.0	-81.0	-80.0	23.0	-34.0
2	-68.0	-46.0	-49.0	-71.0	-70.0	-82.0	-86.0	-84.0	27.0	-33.0
2	-62.0	-42.0	-62.0	-74.0	-75.0	-78.0	-84.0	-78.0	26.0	-33.0
2	-57.0	-44.0	-50.0	-74.0	-72.0	-78.0	-84.0	-77.0	26.0	-33.0
2	-63.0	-45.0	-51.0	-70.0	-75.0	-74.0	-84.0	-81.0	25.0	-33.0
2	-62.0	-34.0	-52.0	-62.0	-71.0	-77.0	-85.0	-84.0	25.0	-34.0
2	-58.0	-36.0	-52.0	-61.0	-77.0	-74.0	-83.0	-84.0	24.0	-35.0
2	-60.0	-31.0	-55.0	-75.0	-74.0	-75.0	-85.0	-75.0	27.0	-36.0
2	-67.0	-32.0	-61.0	-75.0	-70.0	-78.0	-84.0	-81.0	27.0	-37.0
2	-58.0	-35.0	-57.0	-63.0	-75.0	-78.0	-84.0	-76.0	26.0	-36.0
2	-61.0	-37.0	-61.0	-67.0	-80.0	-76.0	-87.0	-76.0	27.0	-34.0
2	-61.0	-36.0	-52.0	-67.0	-75.0	-74.0	-87.0	-83.0	28.0	-35.0
2	-58.0	-38.0	-54.0	-68.0	-71.0	-71.0	-82.0	-75.0	27.0	-35.0
2	-56.0	-53.0	-57.0	-63.0	-75.0	-73.0	-80.0	-79.0	24.0	-36.0
2	-64.0	-45.0	-51.0	-73.0	-79.0	-72.0	-80.0	-87.0	24.0	-36.0
2	-63.0	-46.0	-59.0	-65.0	-70.0	-71.0	-81.0	-87.0	22.0	-37.0
2	-67.0	-44.0	-58.0	-65.0	-68.0	-74.0	-84.0	-77.0	22.0	-35.0
2	-68.0	-42.0	-57.0	-72.0	-74.0	-74.0	-82.0	-77.0	22.0	-33.0
2	-66.0	-40.0	-48.0	-76.0	-71.0	-74.0	-84.0	-81.0	23.0	-32.0
2	-59.0	-42.0	-54.0	-72.0	-76.0	-82.0	-84.0	-72.0	25.0	-33.0
2	-55.0	-37.0	-54.0	-76.0	-75.0	-77.0	-83.0	-80.0	24.0	-34.0
2	-63.0	-37.0	-56.0	-76.0	-80.0	-78.0	-81.0	-77.0	23.0	-34.0
2	-59.0	-41.0	-54.0	-74.0	-75.0	-79.0	-81.0	-75.0	23.0	-34.0
2	-55.0	-35.0	-47.0	-74.0	-76.0	-79.0	-87.0	-72.0	22.0	-36.0
2	-58.0	-43.0	-50.0	-75.0	-69.0	-78.0	-84.0	-81.0	20.0	-37.0
2	-66.0	-40.0	-50.0	-73.0	-78.0	-75.0	-84.0	-80.0	16.0	-38.0
2	-61.0	-44.0	-53.0	-70.0	-77.0	-79.0	-83.0	-79.0	21.0	-34.0
2	-62.0	-45.0	-54.0	-71.0	-71.0	-77.0	-86.0	-84.0	22.0	-34.0
2	-61.0	-47.0	-54.0	-71.0	-79.0	-77.0	-86.0	-78.0	21.0	-34.0
2	-69.0	-44.0	-52.0	-71.0	-74.0	-78.0	-85.0	-78.0	22.0	-33.0
2	-56.0	-44.0	-44.0	-72.0	-73.0	-78.0	-85.0	-78.0	23.0	-33.0
2	-58.0	-46.0	-46.0	-75.0	-72.0	-80.0	-86.0	-74.0	22.0	-34.0
2	-63.0	-38.0	-51.0	-75.0	-77.0	-79.0	-83.0	-76.0	21.0	-33.0
2	-63.0	-45.0	-46.0	-68.0	-77.0	-77.0	-86.0	-79.0	19.0	-32.0
2	-58.0	-42.0	-54.0	-72.0	-75.0	-75.0	-83.0	-79.0	19.0	-32.0
2	-63.0	-48.0	-53.0	-75.0	-72.0	-74.0	-83.0	-79.0	15.0	-30.0
2	-57.0	-36.0	-47.0	-75.0	-69.0	-78.0	-83.0	-76.0	20.0	-29.0
2	-62.0	-40.0	-50.0	-73.0	-74.0	-79.0	-86.0	-79.0	22.0	-30.0
2	-65.0	-42.0	-50.0	-75.0	-77.0	-79.0	-82.0	-78.0	22.0	-32.0
2	-59.0	-43.0	-52.0	-74.0	-70.0	-79.0	-86.0	-79.0	23.0	-32.0
2	-59.0	-43.0	-53.0	-67.0	-70.0	-81.0	-86.0	-82.0	25.0	-33.0
2	-61.0	-34.0	-57.0	-68.0	-66.0	-78.0	-86.0	-79.0	24.0	-35.0
2	-62.0	-40.0	-52.0	-66.0	-72.0	-79.0	-84.0	-79.0	24.0	-37.0
2	-58.0	-31.0	-57.0	-67.0	-80.0	-79.0	-84.0	-79.0	25.0	-38.0
2	-59.0	-31.0	-55.0	-70.0	-71.0	-79.0	-85.0	-73.0	25.0	-37.0
2	-62.0	-31.0	-57.0	-62.0	-70.0	-79.0	-86.0	-77.0	25.0	-35.0
2	-60.0	-37.0	-59.0	-73.0	-70.0	-73.0	-83.0	-80.0	26.0	-35.0
2	-58.0	-40.0	-57.0	-69.0	-78.0	-74.0	-82.0	-78.0	27.0	-35.0
2	-57.0	-42.0	-53.0	-73.0	-78.0	-75.0	-83.0	-76.0	28.0	-36.0
2	-58.0	-37.0	-56.0	-74.0	-69.0	-74.0	-85.0	-79.0	29.0	-36.0
2	-63.0	-33.0	-57.0	-77.0	-73.0	-76.0	-86.0	-78.0	29.0	-37.0
2	-59.0	-37.0	-56.0	-71.0	-78.0	-77.0	-84.0	-78.0	29.0	-36.0
2	-66.0	-38.0	-56.0	-76.0	-68.0	-78.0	-86.0	-79.0	27.0	-37.0
2	-63.0	-35.0	-51.0	-72.0	-74.0	-75.0	-85.0	-86.0	27.0	-37.0
2	-58.0	-31.0	-57.0	-72.0	-74.0	-78.0	-85.0	-86.0	24.0	-38.0
2	-57.0	-33.0	-57.0	-64.0	-73.0	-73.0	-84.0	-77.0	24.0	-38.0
2	-58.0	-35.0	-53.0	-72.0	-76.0	-73.0	-82.0	-83.0	24.0	-38.0
2	-62.0	-40.0	-51.0	-73.0	-71.0	-75.0	-82.0	-79.0	23.0	-36.0
2	-63.0	-43.0	-49.0	-73.0	-79.0	-74.0	-86.0	-80.0	22.0	-36.0
2	-62.0	-45.0	-57.0	-73.0	-75.0	-74.0	-85.0	-78.0	20.0	-36.0
2	-61.0	-43.0	-55.0	-73.0	-75.0	-76.0	-82.0	-83.0	20.0	-34.0
2	-63.0	-43.0	-55.0	-78.0	-77.0	-76.0	-85.0	-78.0	19.0	-31.0
2	-59.0	-48.0	-50.0	-78.0	-70.0	-77.0	-84.0	-78.0	19.0	-30.0
2	-62.0	-46.0	-55.0	-71.0	-76.0	-78.0	-84.0	-83.0	20.0	-31.0
2	-58.0	-42.0	-49.0	-70.0	-74.0	-83.0	-81.0	-79.0	21.0	-36.0
2	-56.0	-39.0	-50.0	-76.0	-74.0	-77.0	-85.0	-79.0	20.0	-38.0
2	-66.0	-41.0	-53.0	-72.0	-72.0	-82.0	-85.0	-83.0	21.0	-37.0
2	-67.0	-39.0	-56.0	-72.0	-75.0	-78.0	-83.0	-82.0	22.0	-35.0
2	-67.0	-44.0	-49.0	-77.0	-65.0	-78.0	-86.0	-86.0	23.0	-35.0
2	-65.0	-42.0	-53.0	-77.0	-70.0	-75.0	-81.0	-76.0	22.0	-36.0
2	-75.0	-44.0	-58.0	-74.0	-73.0	-73.0	-85.0	-77.0	23.0	-35.0
2	-62.0	-48.0	-48.0	-74.0	-79.0	-78.0	-84.0	-84.0	23.0	-34.0
2	-59.0	-42.0	-49.0	-73.0	-77.0	-77.0	-85.0	-83.0	25.0	-34.0
2	-55.0	-44.0	-49.0	-75.0	-72.0	-79.0	-84.0	-82.0	25.0	-34.0
2	-65.0	-41.0	-45.0	-77.0	-74.0	-80.0	-86.0	-82.0	23.0	-34.0
2	-65.0	-46.0	-46.0	-69.0	-67.0	-78.0	-85.0	-79.0	23.0	-32.0
2	-62.0	-44.0	-47.0	-70.0	-72.0	-79.0	-84.0	-77.0	22.0	-32.0
2	-57.0	-43.0	-50.0	-73.0	-77.0	-76.0	-86.0	-77.0	21.0	-32.0
2	-66.0	-51.0	-49.0	-69.0	-72.0	-75.0	-85.0	-80.0	21.0	-31.0
2	-61.0	-46.0	-52.0	-73.0	-79.0	-75.0	-85.0	-83.0	20.0	-31.0
2	-61.0	-48.0	-51.0	-73.0	-72.0	-80.0	-85.0	-73.0	19.0	-31.0
2	-63.0	-39.0	-49.0	-70.0	-73.0	-75.0	-85.0	-79.0	20.0	-31.0
2	-56.0	-40.0	-56.0	-73.0	-74.0	-76.0	-84.0	-77.0	24.0	-32.0
2	-53.0	-48.0	-62.0	-67.0	-69.0	-78.0	-84.0	-70.0	24.0	-34.0
2	-59.0	-39.0	-52.0	-63.0	-69.0	-75.0	-85.0	-80.0	25.0	-34.0
2	-56.0	-34.0	-52.0	-63.0	-78.0	-76.0	-84.0	-77.0	26.0	-36.0
2	-64.0	-31.0	-56.0	-68.0	-67.0	-76.0	-84.0	-77.0	25.0	-37.0
2	-58.0	-32.0	-57.0	-67.0	-78.0	-78.0	-80.0	-80.0	25.0	-36.0
2	-59.0	-34.0	-56.0	-62.0	-75.0	-75.0	-87.0	-77.0	25.0	-35.0
2	-61.0	-36.0	-58.0	-64.0	-78.0	-74.0	-82.0	-77.0	26.0	-35.0
2	-56.0	-49.0	-60.0	-67.0	-70.0	-72.0	-81.0	-73.0	25.0	-36.0
2	-58.0	-43.0	-55.0	-67.0	-71.0	-72.0	-81.0	-74.0	24.0	-37.0
2	-72.0	-46.0	-55.0	-63.0	-73.0	-69.0	-80.0	-84.0	24.0	-36.0
2	-62.0	-54.0	-51.0	-73.0	-75.0	-72.0	-80.0	-73.0	23.0	-36.0
2	-71.0	-43.0	-53.0	-69.0	-81.0	-73.0	-82.0	-74.0	24.0	-35.0
2	-67.0	-42.0	-62.0	-67.0	-74.0	-71.0	-83.0	-70.0	25.0	-34.0
2	-62.0	-36.0	-55.0	-67.0	-78.0	-72.0	-83.0	-74.0	24.0	-35.0
2	-66.0	-37.0	-55.0	-74.0	-78.0	-80.0	-81.0	-77.0	23.0	-36.0
2	-55.0	-32.0	-58.0	-75.0	-71.0	-78.0	-86.0	-76.0	23.0	-36.0
2	-57.0	-35.0	-55.0	-72.0	-70.0	-79.0	-86.0	-79.0	22.0	-37.0
2	-63.0	-35.0	-50.0	-70.0	-76.0	-76.0	-84.0	-77.0	22.0	-37.0
2	-57.0	-40.0	-48.0	-79.0	-69.0	-76.0	-85.0	-82.0	20.0	-36.0
2	-64.0	-47.0	-53.0	-72.0	-75.0	-76.0	-84.0	-80.0	18.0	-37.0
2	-57.0	-36.0	-52.0	-64.0	-75.0	-77.0	-82.0	-73.0	19.0	-35.0
2	-61.0	-36.0	-59.0	-66.0	-76.0	-75.0	-85.0	-76.0	22.0	-36.0
2	-57.0	-33.0	-54.0	-61.0	-74.0	-75.0	-84.0	-81.0	22.0	-35.0
2	-62.0	-39.0	-55.0	-63.0	-74.0	-77.0	-84.0	-77.0	23.0	-35.0
2	-61.0	-38.0	-53.0	-64.0	-71.0	-75.0	-83.0	-77.0	24.0	-35.0
3	-58.0	-62.0	-61.0	-59.0	-65.0	-69.0	-73.0	-77.0	24.0	-36.0
3	-57.0	-55.0	-64.0	-61.0	-65.0	-68.0	-76.0	-75.0	23.0	-37.0
3	-57.0	-53.0	-59.0	-65.0	-69.0	-67.0	-74.0	-73.0	24.0	-36.0
3	-55.0	-64.0	-55.0	-65.0	-69.0	-67.0	-75.0	-70.0	23.0	-36.0
3	-60.0	-57.0	-50.0	-58.0	-66.0	-70.0	-76.0	-65.0	24.0	-36.0
3	-56.0	-51.0	-55.0	-62.0	-68.0	-64.0	-75.0	-79.0	25.0	-36.0
3	-62.0	-53.0	-53.0	-62.0	-72.0	-67.0	-75.0	-69.0	25.0	-36.0
3	-57.0	-66.0	-52.0	-57.0	-71.0	-59.0	-75.0	-69.0	26.0	-36.0
3	-71.0	-59.0	-55.0	-58.0	-82.0	-66.0	-72.0	-82.0	24.0	-37.0
3	-64.0	-66.0	-57.0	-65.0	-82.0	-66.0	-70.0	-82.0	24.0	-36.0
3	-67.0	-59.0	-55.0	-69.0	-78.0	-66.0	-72.0	-82.0	23.0	-36.0
3	-66.0	-61.0	-47.0	-59.0	-85.0	-65.0	-77.0	-85.0	21.0	-37.0
3	-70.0	-64.0	-50.0	-64.0	-83.0	-65.0	-71.0	-85.0	22.0	-37.0
3	-69.0	-57.0	-51.0	-60.0	-83.0	-64.0	-71.0	-83.0	23.0	-36.0
3	-65.0	-56.0	-53.0	-62.0	-66.0	-67.0	-71.0	-76.0	22.0	-37.0
3	-62.0	-57.0	-47.0	-57.0	-66.0	-65.0	-72.0	-78.0	22.0	-37.0
3	-60.0	-55.0	-53.0	-59.0	-73.0	-64.0	-70.0	-74.0	22.0	-38.0
3	-73.0	-55.0	-59.0	-63.0	-74.0	-62.0	-70.0	-72.0	22.0	-37.0
3	-59.0	-55.0	-53.0	-58.0	-74.0	-64.0	-68.0	-76.0	22.0	-37.0
3	-66.0	-53.0	-50.0	-62.0	-79.0	-67.0	-69.0	-76.0	22.0	-38.0
3	-54.0	-55.0	-52.0	-58.0	-70.0	-66.0	-69.0	-85.0	22.0	-37.0
3	-55.0	-58.0	-45.0	-59.0	-71.0	-62.0	-68.0	-76.0	22.0	-37.0
3	-59.0	-52.0	-51.0	-68.0	-65.0	-68.0	-79.0	-74.0	23.0	-35.0
3	-51.0	-48.0	-50.0	-63.0	-69.0	-71.0	-83.0	-71.0	24.0	-35.0
3	-50.0	-50.0	-53.0	-61.0	-67.0	-66.0	-83.0	-72.0	24.0	-36.0
3	-58.0	-49.0	-56.0	-57.0	-69.0	-65.0	-76.0	-77.0	24.0	-36.0
3	-55.0	-56.0	-58.0	-63.0	-64.0	-69.0	-77.0	-77.0	25.0	-36.0
3	-57.0	-57.0	-58.0	-67.0	-70.0	-67.0	-81.0	-74.0	25.0	-35.0
3	-56.0	-49.0	-57.0	-57.0	-70.0	-70.0	-76.0	-76.0	24.0	-36.0
3	-56.0	-53.0	-55.0	-67.0	-76.0	-73.0	-76.0	-76.0	24.0	-37.0
3	-53.0	-52.0	-55.0	-71.0	-69.0	-72.0	-76.0	-71.0	23.0	-37.0
3	-55.0	-56.0	-55.0	-73.0	-74.0	-69.0	-76.0	-71.0	22.0	-37.0
3	-60.0	-51.0	-52.0	-73.0	-62.0	-73.0	-78.0	-77.0	23.0	-37.0
3	-57.0	-49.0	-54.0	-64.0	-71.0	-70.0	-69.0	-64.0	21.0	-38.0
3	-58.0	-51.0	-63.0	-67.0	-68.0	-67.0	-77.0	-76.0	21.0	-38.0
3	-51.0	-51.0	-58.0	-70.0	-72.0	-69.0	-78.0	-77.0	21.0	-37.0
3	-56.0	-52.0	-58.0	-74.0	-71.0	-74.0	-75.0	-64.0	21.0	-37.0
3	-54.0	-47.0	-58.0	-67.0	-71.0	-80.0	-80.0	-63.0	22.0	-36.0
3	-58.0	-47.0	-59.0	-67.0	-66.0	-74.0	-81.0	-78.0	22.0	-35.0
3	-51.0	-48.0	-66.0	-76.0	-66.0	-77.0	-83.0	-65.0	23.0	-34.0
3	-57.0	-46.0	-62.0	-72.0	-66.0	-75.0	-83.0	-64.0	23.0	-34.0
3	-58.0	-48.0	-68.0	-74.0	-63.0	-77.0	-83.0	-65.0	23.0	-34.0
3	-68.0	-53.0	-62.0	-75.0	-65.0	-78.0	-84.0	-69.0	24.0	-34.0
3	-55.0	-57.0	-64.0	-70.0	-69.0	-79.0	-81.0	-65.0	25.0	-34.0
3	-59.0	-53.0	-69.0	-70.0	-70.0	-77.0	-83.0	-70.0	24.0	-34.0
3	-51.0	-57.0	-70.0	-76.0	-63.0	-76.0	-84.0	-71.0	26.0	-35.0
3	-55.0	-55.0	-59.0	-72.0	-66.0	-77.0	-84.0	-69.0	25.0	-35.0
3	-54.0	-57.0	-65.0	-69.0	-68.0	-76.0	-77.0	-70.0	23.0	-35.0
3	-56.0	-54.0	-56.0	-72.0	-63.0	-74.0	-81.0	-70.0	24.0	-34.0
3	-62.0	-56.0	-60.0	-72.0	-63.0	-68.0	-81.0	-77.0	23.0	-33.0
3	-58.0	-52.0	-61.0	-72.0	-59.0	-64.0	-75.0	-68.0	19.0	-31.0
3	-57.0	-53.0	-67.0	-70.0	-68.0	-69.0	-75.0	-68.0	17.0	-28.0
3	-58.0	-56.0	-62.0	-70.0	-68.0	-69.0	-77.0	-62.0	15.0	-28.0
3	-52.0	-58.0	-66.0	-71.0	-68.0	-69.0	-76.0	-68.0	11.0	-26.0
3	-46.0	-55.0	-64.0	-73.0	-69.0	-70.0	-84.0	-70.0	12.0	-27.0
3	-49.0	-50.0	-58.0	-73.0	-64.0	-72.0	-76.0	-72.0	16.0	-31.0
3	-49.0	-52.0	-61.0	-73.0	-61.0	-76.0	-84.0	-68.0	18.0	-32.0
3	-55.0	-61.0	-69.0	-77.0	-67.0	-79.0	-82.0	-62.0	22.0	-33.0
3	-54.0	-63.0	-59.0	-76.0	-62.0	-78.0	-84.0	-62.0	23.0	-33.0
3	-51.0	-58.0	-66.0	-73.0	-63.0	-75.0	-79.0	-68.0	23.0	-32.0
3	-51.0	-58.0	-66.0	-78.0	-65.0	-75.0	-79.0	-64.0	22.0	-32.0
3	-55.0	-59.0	-66.0	-78.0	-65.0	-77.0	-82.0	-67.0	23.0	-30.0
3	-61.0	-60.0	-65.0	-78.0	-65.0	-78.0	-85.0	-65.0	23.0	-30.0
3	-60.0	-61.0	-61.0	-77.0	-61.0	-80.0	-84.0	-66.0	23.0	-30.0
3	-54.0	-55.0	-62.0	-79.0	-62.0	-80.0	-86.0	-59.0	22.0	-31.0
3	-57.0	-54.0	-60.0	-79.0	-70.0	-79.0	-85.0	-59.0	22.0	-33.0
3	-61.0	-55.0	-68.0	-79.0	-61.0	-75.0	-83.0	-74.0	20.0	-34.0
3	-57.0	-57.0	-62.0	-74.0	-67.0	-75.0	-76.0	-68.0	20.0	-35.0
3	-54.0	-59.0	-60.0	-74.0	-65.0	-75.0	-77.0	-61.0	20.0	-36.0
3	-53.0	-52.0	-66.0	-66.0	-68.0	-69.0	-75.0	-67.0	20.0	-36.0
3	-54.0	-52.0	-62.0	-67.0	-65.0	-73.0	-76.0	-64.0	20.0	-35.0
3	-55.0	-52.0	-58.0	-69.0	-69.0	-73.0	-77.0	-72.0	20.0	-36.0
3	-53.0	-56.0	-65.0	-68.0	-71.0	-73.0	-76.0	-65.0	21.0	-36.0
3	-50.0	-57.0	-66.0	-75.0	-74.0	-74.0	-80.0	-67.0	21.0	-36.0
3	-53.0	-56.0	-64.0	-73.0	-68.0	-72.0	-81.0	-71.0	21.0	-35.0
3	-63.0	-54.0	-61.0	-66.0	-67.0	-73.0	-78.0	-66.0	22.0	-35.0
3	-64.0	-61.0	-60.0	-66.0	-63.0	-69.0	-77.0	-67.0	21.0	-34.0
3	-56.0	-57.0	-64.0	-72.0	-70.0	-71.0	-79.0	-58.0	22.0	-32.0
3	-58.0	-57.0	-63.0	-70.0	-70.0	-69.0	-77.0	-65.0	22.0	-31.0
3	-52.0	-55.0	-61.0	-65.0	-58.0	-70.0	-73.0	-61.0	24.0	-31.0
3	-52.0	-62.0	-60.0	-74.0	-67.0	-68.0	-78.0	-65.0	24.0	-32.0
3	-61.0	-61.0	-64.0	-69.0	-65.0	-72.0	-80.0	-64.0	23.0	-32.0
3	-59.0	-59.0	-63.0	-69.0	-67.0	-72.0	-75.0	-71.0	24.0	-31.0
3	-62.0	-62.0	-62.0	-69.0	-71.0	-73.0	-80.0	-62.0	26.0	-32.0
3	-62.0	-62.0	-58.0	-69.0	-75.0	-74.0	-80.0	-62.0	28.0	-32.0
3	-57.0	-65.0	-59.0	-69.0	-72.0	-75.0	-80.0	-64.0	32.0	-35.0
3	-59.0	-57.0	-63.0	-71.0	-63.0	-74.0	-78.0	-73.0	34.0	-36.0
3	-57.0	-63.0	-61.0	-68.0	-74.0	-72.0	-78.0	-63.0	35.0	-37.0
3	-63.0	-58.0	-61.0	-69.0	-72.0	-72.0	-80.0	-79.0	29.0	-36.0
3	-67.0	-48.0	-60.0	-71.0	-72.0	-75.0	-78.0	-77.0	26.0	-34.0
3	-62.0	-52.0	-59.0	-68.0	-72.0	-72.0	-79.0	-67.0	25.0	-34.0
3	-60.0	-49.0	-56.0	-67.0	-67.0	-67.0	-80.0	-78.0	24.0	-33.0
3	-59.0	-47.0	-62.0	-63.0	-80.0	-71.0	-78.0	-74.0	23.0	-32.0
3	-56.0	-54.0	-59.0	-68.0	-70.0	-73.0	-80.0	-75.0	23.0	-33.0
3	-61.0	-54.0	-54.0	-66.0	-73.0	-68.0	-80.0	-73.0	23.0	-34.0
3	-63.0	-51.0	-58.0	-66.0	-67.0	-70.0	-77.0	-73.0	25.0	-32.0
3	-57.0	-50.0	-57.0	-59.0	-89.0	-68.0	-75.0	-71.0	25.0	-33.0
3	-86.0	-53.0	-62.0	-69.0	-74.0	-69.0	-76.0	-69.0	25.0	-33.0
3	-59.0	-54.0	-59.0	-68.0	-64.0	-66.0	-80.0	-62.0	25.0	-34.0
3	-63.0	-62.0	-58.0	-62.0	-64.0	-65.0	-77.0	-71.0	26.0	-34.0
3	-57.0	-57.0	-55.0	-66.0	-72.0	-72.0	-75.0	-69.0	25.0	-34.0
3	-55.0	-58.0	-57.0	-65.0	-76.0	-68.0	-76.0	-77.0	25.0	-34.0
3	-62.0	-56.0	-53.0	-65.0	-72.0	-68.0	-76.0	-81.0	26.0	-34.0
3	-64.0	-62.0	-55.0	-64.0	-71.0	-65.0	-74.0	-69.0	26.0	-35.0
3	-65.0	-53.0	-54.0	-65.0	-68.0	-70.0	-71.0	-71.0	27.0	-35.0
3	-65.0	-52.0	-58.0	-62.0	-67.0	-67.0	-72.0	-75.0	27.0	-36.0
3	-65.0	-48.0	-50.0	-66.0	-83.0	-66.0	-75.0	-81.0	26.0	-35.0
3	-62.0	-50.0	-56.0	-64.0	-79.0	-67.0	-73.0	-76.0	25.0	-36.0
3	-57.0	-57.0	-53.0	-60.0	-73.0	-67.0	-71.0	-81.0	25.0	-36.0
3	-55.0	-49.0	-54.0	-62.0	-85.0	-69.0	-71.0	-78.0	23.0	-37.0
3	-68.0	-58.0	-53.0	-56.0	-70.0	-67.0	-71.0	-80.0	24.0	-37.0
3	-54.0	-53.0	-53.0	-64.0	-71.0	-65.0	-73.0	-77.0	24.0	-37.0
3	-54.0	-49.0	-52.0	-62.0	-75.0	-69.0	-76.0	-83.0	24.0	-37.0
3	-52.0	-55.0	-47.0	-58.0	-74.0	-63.0	-72.0	-81.0	24.0	-36.0
3	-61.0	-65.0	-55.0	-64.0	-79.0	-62.0	-72.0	-73.0	24.0	-35.0
3	-62.0	-58.0	-48.0	-65.0	-72.0	-65.0	-71.0	-79.0	24.0	-36.0
3	-54.0	-55.0	-59.0	-57.0	-65.0	-64.0	-73.0	-75.0	25.0	-35.0
3	-58.0	-54.0	-56.0	-65.0	-63.0	-63.0	-71.0	-77.0	26.0	-34.0
3	-67.0	-53.0	-57.0	-58.0	-66.0	-66.0	-70.0	-73.0	26.0	-35.0
3	-55.0	-60.0	-60.0	-61.0	-65.0	-65.0	-75.0	-73.0	25.0	-35.0
3	-62.0	-51.0	-67.0	-57.0	-65.0	-68.0	-76.0	-76.0	26.0	-35.0
3	-57.0	-54.0	-56.0	-65.0	-65.0	-71.0	-79.0	-82.0	24.0	-35.0
3	-57.0	-54.0	-59.0	-67.0	-69.0	-71.0	-79.0	-70.0	22.0	-36.0
3	-57.0	-48.0	-55.0	-69.0	-67.0	-70.0	-81.0	-82.0	24.0	-35.0
3	-58.0	-53.0	-51.0	-69.0	-69.0	-71.0	-76.0	-78.0	23.0	-36.0
3	-54.0	-53.0	-59.0	-68.0	-74.0	-69.0	-76.0	-70.0	24.0	-36.0
3	-57.0	-60.0	-55.0	-72.0	-71.0	-71.0	-77.0	-70.0	23.0	-36.0
3	-55.0	-53.0	-59.0	-70.0	-66.0	-70.0	-77.0	-71.0	23.0	-35.0
3	-52.0	-51.0	-52.0	-73.0	-71.0	-73.0	-81.0	-71.0	23.0	-35.0
3	-57.0	-52.0	-55.0	-68.0	-66.0	-75.0	-81.0	-71.0	23.0	-35.0
3	-54.0	-45.0	-63.0	-68.0	-73.0	-75.0	-84.0	-76.0	22.0	-35.0
3	-58.0	-50.0	-59.0	-73.0	-65.0	-78.0	-85.0	-74.0	23.0	-34.0
3	-53.0	-58.0	-68.0	-73.0	-66.0	-78.0	-83.0	-60.0	22.0	-34.0
3	-55.0	-56.0	-62.0	-69.0	-67.0	-77.0	-82.0	-73.0	23.0	-34.0
3	-54.0	-55.0	-61.0	-76.0	-67.0	-76.0	-82.0	-66.0	24.0	-34.0
3	-54.0	-49.0	-62.0	-77.0	-64.0	-77.0	-83.0	-72.0	24.0	-34.0
3	-56.0	-52.0	-68.0	-71.0	-66.0	-82.0	-83.0	-68.0	25.0	-35.0
3	-58.0	-55.0	-58.0	-75.0	-65.0	-78.0	-83.0	-72.0	29.0	-35.0
3	-58.0	-55.0	-62.0	-76.0	-67.0	-79.0	-83.0	-73.0	32.0	-37.0
3	-56.0	-52.0	-65.0	-69.0	-67.0	-77.0	-84.0	-66.0	35.0	-39.0
3	-52.0	-55.0	-65.0	-81.0	-72.0	-78.0	-83.0	-68.0	34.0	-38.0
3	-57.0	-58.0	-66.0	-73.0	-69.0	-79.0	-81.0	-63.0	30.0	-39.0
3	-56.0	-56.0	-66.0	-76.0	-63.0	-77.0	-83.0	-69.0	25.0	-35.0
3	-58.0	-57.0	-62.0	-76.0	-65.0	-80.0	-85.0	-72.0	21.0	-32.0
3	-56.0	-59.0	-63.0	-76.0	-61.0	-80.0	-82.0	-66.0	20.0	-30.0
3	-62.0	-62.0	-68.0	-76.0	-59.0	-79.0	-85.0	-66.0	20.0	-30.0
3	-52.0	-59.0	-70.0	-73.0	-66.0	-79.0	-83.0	-70.0	21.0	-31.0
3	-58.0	-57.0	-64.0	-70.0	-64.0	-80.0	-87.0	-68.0	21.0	-31.0
3	-57.0	-62.0	-64.0	-70.0	-60.0	-79.0	-84.0	-62.0	21.0	-32.0
3	-56.0	-57.0	-62.0	-70.0	-69.0	-80.0	-86.0	-65.0	21.0	-34.0
3	-59.0	-55.0	-65.0	-70.0	-63.0	-76.0	-86.0	-65.0	20.0	-35.0
3	-55.0	-54.0	-65.0	-68.0	-73.0	-77.0	-78.0	-58.0	19.0	-36.0
3	-55.0	-52.0	-66.0	-66.0	-72.0	-71.0	-76.0	-68.0	20.0	-36.0
3	-55.0	-54.0	-68.0	-67.0	-67.0	-72.0	-77.0	-70.0	20.0	-36.0
3	-54.0	-51.0	-66.0	-67.0	-68.0	-72.0	-77.0	-73.0	21.0	-36.0
3	-50.0	-64.0	-64.0	-71.0	-72.0	-72.0	-76.0	-65.0	20.0	-37.0
3	-49.0	-54.0	-61.0	-71.0	-71.0	-75.0	-78.0	-70.0	21.0	-36.0
3	-50.0	-55.0	-65.0	-69.0	-69.0	-72.0	-81.0	-76.0	22.0	-36.0
3	-57.0	-56.0	-57.0	-69.0	-72.0	-70.0	-79.0	-62.0	22.0	-35.0
3	-57.0	-53.0	-65.0	-69.0	-73.0	-66.0	-80.0	-66.0	22.0	-34.0
3	-60.0	-55.0	-65.0	-69.0	-67.0	-75.0	-77.0	-64.0	23.0	-34.0
3	-56.0	-63.0	-60.0	-74.0	-67.0	-74.0	-77.0	-63.0	22.0	-33.0
3	-58.0	-57.0	-65.0	-68.0	-66.0	-72.0	-79.0	-65.0	20.0	-31.0
3	-57.0	-56.0	-57.0	-67.0	-72.0	-70.0	-78.0	-64.0	16.0	-27.0
3	-57.0	-55.0	-65.0	-66.0	-74.0	-68.0	-77.0	-67.0	15.0	-24.0
3	-60.0	-63.0	-71.0	-73.0	-70.0	-69.0	-75.0	-75.0	16.0	-25.0
3	-60.0	-57.0	-57.0	-67.0	-67.0	-70.0	-76.0	-67.0	17.0	-25.0
3	-64.0	-54.0	-65.0	-72.0	-67.0	-70.0	-75.0	-67.0	20.0	-24.0
3	-66.0	-51.0	-65.0	-70.0	-73.0	-70.0	-73.0	-71.0	21.0	-25.0
3	-63.0	-47.0	-58.0	-68.0	-73.0	-71.0	-77.0	-69.0	23.0	-27.0
3	-65.0	-50.0	-61.0	-61.0	-73.0	-69.0	-79.0	-70.0	24.0	-29.0
3	-67.0	-51.0	-62.0	-59.0	-68.0	-70.0	-76.0	-81.0	24.0	-30.0
3	-62.0	-46.0	-59.0	-64.0	-76.0	-69.0	-77.0	-76.0	24.0	-34.0
3	-70.0	-49.0	-64.0	-62.0	-72.0	-66.0	-74.0	-86.0	24.0	-34.0
3	-62.0	-49.0	-58.0	-63.0	-79.0	-68.0	-79.0	-71.0	25.0	-35.0
3	-65.0	-50.0	-62.0	-60.0	-76.0	-66.0	-76.0	-71.0	25.0	-36.0
3	-65.0	-56.0	-62.0	-67.0	-77.0	-65.0	-79.0	-74.0	24.0	-37.0
3	-58.0	-56.0	-60.0	-63.0	-73.0	-68.0	-79.0	-74.0	24.0	-37.0
3	-59.0	-51.0	-58.0	-59.0	-67.0	-69.0	-75.0	-75.0	24.0	-38.0
3	-66.0	-52.0	-51.0	-68.0	-77.0	-69.0	-73.0	-73.0	24.0	-38.0
3	-62.0	-57.0	-51.0	-60.0	-73.0	-67.0	-74.0	-80.0	25.0	-39.0
3	-61.0	-55.0	-52.0	-64.0	-76.0	-70.0	-73.0	-72.0	26.0	-38.0
3	-62.0	-56.0	-52.0	-64.0	-70.0	-70.0	-72.0	-70.0	27.0	-37.0
3	-68.0	-52.0	-58.0	-64.0	-70.0	-64.0	-72.0	-77.0	26.0	-36.0
3	-59.0	-50.0	-60.0	-60.0	-68.0	-66.0	-75.0	-65.0	26.0	-35.0
3	-58.0	-52.0	-65.0	-59.0	-68.0	-65.0	-75.0	-76.0	27.0	-34.0
3	-51.0	-52.0	-65.0	-62.0	-67.0	-67.0	-77.0	-73.0	28.0	-35.0
3	-55.0	-47.0	-60.0	-64.0	-72.0	-68.0	-75.0	-66.0	26.0	-35.0
3	-62.0	-51.0	-56.0	-74.0	-73.0	-73.0	-81.0	-78.0	27.0	-35.0
3	-55.0	-50.0	-52.0	-68.0	-72.0	-72.0	-81.0	-75.0	25.0	-35.0
3	-54.0	-57.0	-55.0	-69.0	-69.0	-76.0	-81.0	-81.0	24.0	-35.0
3	-59.0	-49.0	-52.0	-67.0	-71.0	-75.0	-82.0	-78.0	24.0	-35.0
3	-59.0	-50.0	-53.0	-74.0	-68.0	-74.0	-78.0	-70.0	23.0	-34.0
3	-56.0	-50.0	-54.0	-73.0	-68.0	-78.0	-81.0	-75.0	22.0	-35.0
3	-57.0	-51.0	-67.0	-73.0	-59.0	-78.0	-80.0	-78.0	23.0	-34.0
3	-57.0	-61.0	-64.0	-73.0	-61.0	-76.0	-83.0	-69.0	24.0	-35.0
3	-55.0	-55.0	-65.0	-73.0	-70.0	-75.0	-85.0	-66.0	24.0	-34.0
3	-52.0	-56.0	-64.0	-73.0	-68.0	-79.0	-85.0	-77.0	26.0	-34.0
3	-54.0	-52.0	-64.0	-76.0	-66.0	-78.0	-82.0	-66.0	29.0	-36.0
3	-58.0	-57.0	-64.0	-68.0	-62.0	-79.0	-83.0	-65.0	32.0	-37.0
3	-57.0	-61.0	-67.0	-75.0	-63.0	-78.0	-83.0	-68.0	32.0	-38.0
3	-54.0	-56.0	-68.0	-75.0	-70.0	-77.0	-83.0	-64.0	30.0	-37.0
3	-54.0	-55.0	-63.0	-75.0	-67.0	-78.0	-81.0	-62.0	27.0	-36.0
3	-58.0	-55.0	-63.0	-79.0	-69.0	-80.0	-81.0	-64.0	22.0	-33.0
3	-56.0	-62.0	-70.0	-79.0	-62.0	-79.0	-87.0	-63.0	21.0	-31.0
3	-60.0	-62.0	-67.0	-80.0	-57.0	-82.0	-87.0	-71.0	20.0	-30.0
3	-56.0	-54.0	-64.0	-80.0	-70.0	-79.0	-83.0	-62.0	21.0	-31.0
3	-65.0	-57.0	-64.0	-81.0	-61.0	-84.0	-83.0	-66.0	22.0	-32.0
3	-62.0	-54.0	-66.0	-81.0	-59.0	-79.0	-83.0	-68.0	21.0	-33.0
3	-55.0	-56.0	-63.0	-81.0	-61.0	-80.0	-82.0	-69.0	21.0	-35.0
3	-57.0	-59.0	-58.0	-75.0	-59.0	-77.0	-82.0	-57.0	20.0	-36.0
3	-54.0	-56.0	-65.0	-72.0	-64.0	-75.0	-79.0	-68.0	20.0	-36.0
3	-62.0	-53.0	-63.0	-75.0	-70.0	-73.0	-79.0	-73.0	20.0	-35.0
3	-56.0	-56.0	-66.0	-70.0	-75.0	-74.0	-77.0	-70.0	23.0	-33.0
3	-61.0	-58.0	-60.0	-74.0	-70.0	-74.0	-80.0	-71.0	23.0	-32.0
3	-63.0	-57.0	-60.0	-67.0	-69.0	-73.0	-79.0	-71.0	22.0	-31.0
3	-57.0	-55.0	-59.0	-71.0	-71.0	-74.0	-80.0	-73.0	24.0	-32.0
3	-60.0	-54.0	-56.0	-75.0	-67.0	-73.0	-74.0	-70.0	28.0	-32.0
3	-63.0	-55.0	-56.0	-70.0	-67.0	-70.0	-75.0	-71.0	33.0	-35.0
3	-62.0	-57.0	-62.0	-71.0	-69.0	-72.0	-79.0	-70.0	36.0	-37.0
3	-58.0	-55.0	-65.0	-72.0	-73.0	-72.0	-77.0	-69.0	35.0	-37.0
3	-60.0	-59.0	-61.0	-66.0	-73.0	-71.0	-79.0	-68.0	33.0	-36.0
3	-70.0	-54.0	-64.0	-71.0	-74.0	-72.0	-77.0	-65.0	28.0	-35.0
3	-64.0	-51.0	-57.0	-74.0	-76.0	-73.0	-77.0	-74.0	27.0	-34.0
3	-65.0	-52.0	-63.0	-74.0	-71.0	-73.0	-81.0	-75.0	26.0	-34.0
3	-65.0	-55.0	-61.0	-76.0	-76.0	-67.0	-79.0	-78.0	24.0	-34.0
3	-68.0	-63.0	-56.0	-70.0	-76.0	-69.0	-76.0	-72.0	25.0	-33.0
3	-65.0	-56.0	-52.0	-65.0	-71.0	-70.0	-78.0	-72.0	24.0	-34.0
3	-67.0	-51.0	-57.0	-67.0	-72.0	-75.0	-76.0	-77.0	24.0	-33.0
3	-68.0	-60.0	-56.0	-67.0	-74.0	-69.0	-79.0	-75.0	25.0	-34.0
3	-71.0	-54.0	-50.0	-70.0	-77.0	-69.0	-74.0	-80.0	25.0	-35.0
3	-67.0	-53.0	-58.0	-68.0	-77.0	-69.0	-74.0	-80.0	26.0	-35.0
3	-67.0	-62.0	-60.0	-64.0	-74.0	-67.0	-70.0	-81.0	26.0	-36.0
3	-67.0	-52.0	-49.0	-68.0	-78.0	-66.0	-77.0	-81.0	26.0	-36.0
3	-68.0	-51.0	-48.0	-68.0	-79.0	-69.0	-75.0	-81.0	28.0	-36.0
3	-67.0	-63.0	-56.0	-60.0	-81.0	-71.0	-73.0	-84.0	26.0	-37.0
3	-62.0	-53.0	-64.0	-57.0	-77.0	-67.0	-71.0	-76.0	25.0	-36.0
3	-57.0	-49.0	-56.0	-64.0	-82.0	-63.0	-69.0	-79.0	24.0	-36.0
3	-51.0	-50.0	-54.0	-62.0	-67.0	-66.0	-69.0	-77.0	23.0	-36.0
3	-55.0	-48.0	-53.0	-66.0	-70.0	-65.0	-69.0	-85.0	24.0	-37.0
3	-59.0	-53.0	-50.0	-68.0	-70.0	-62.0	-74.0	-71.0	23.0	-36.0
3	-59.0	-46.0	-52.0	-64.0	-69.0	-70.0	-70.0	-75.0	22.0	-37.0
3	-62.0	-53.0	-57.0	-69.0	-64.0	-71.0	-76.0	-70.0	23.0	-36.0
3	-56.0	-52.0	-54.0	-71.0	-65.0	-73.0	-78.0	-72.0	23.0	-36.0
3	-54.0	-49.0	-59.0	-68.0	-66.0	-77.0	-81.0	-69.0	23.0	-36.0
3	-52.0	-50.0	-62.0	-73.0	-75.0	-78.0	-82.0	-62.0	23.0	-35.0
3	-57.0	-49.0	-57.0	-73.0	-73.0	-78.0	-82.0	-74.0	23.0	-34.0
3	-55.0	-53.0	-60.0	-71.0	-66.0	-76.0	-85.0	-65.0	23.0	-34.0
3	-59.0	-62.0	-63.0	-71.0	-71.0	-80.0	-81.0	-69.0	22.0	-34.0
3	-55.0	-51.0	-60.0	-79.0	-74.0	-79.0	-82.0	-66.0	24.0	-34.0
3	-56.0	-58.0	-57.0	-68.0	-77.0	-76.0	-80.0	-71.0	26.0	-35.0
3	-58.0	-57.0	-63.0	-68.0	-64.0	-70.0	-83.0	-71.0	27.0	-35.0
3	-58.0	-55.0	-66.0	-68.0	-68.0	-77.0	-80.0	-71.0	27.0	-34.0
3	-53.0	-62.0	-68.0	-79.0	-67.0	-77.0	-83.0	-62.0	26.0	-35.0
3	-55.0	-59.0	-69.0	-79.0	-62.0	-79.0	-82.0	-72.0	23.0	-33.0
3	-55.0	-57.0	-66.0	-77.0	-62.0	-83.0	-83.0	-65.0	21.0	-33.0
3	-57.0	-56.0	-70.0	-76.0	-60.0	-83.0	-84.0	-65.0	20.0	-32.0
3	-56.0	-54.0	-67.0	-76.0	-64.0	-79.0	-81.0	-66.0	21.0	-32.0
3	-59.0	-64.0	-67.0	-76.0	-67.0	-82.0	-81.0	-62.0	21.0	-33.0
3	-58.0	-60.0	-67.0	-76.0	-63.0	-77.0	-83.0	-61.0	21.0	-34.0
3	-59.0	-57.0	-61.0	-76.0	-65.0	-76.0	-80.0	-62.0	21.0	-35.0
3	-51.0	-56.0	-57.0	-73.0	-62.0	-76.0	-80.0	-66.0	19.0	-37.0
3	-55.0	-56.0	-62.0	-69.0	-67.0	-73.0	-78.0	-69.0	20.0	-36.0
3	-62.0	-59.0	-64.0	-66.0	-70.0	-78.0	-76.0	-67.0	20.0	-37.0
3	-52.0	-64.0	-64.0	-77.0	-74.0	-74.0	-77.0	-74.0	21.0	-36.0
3	-53.0	-54.0	-59.0	-67.0	-71.0	-70.0	-77.0	-69.0	21.0	-35.0
3	-55.0	-57.0	-64.0	-72.0	-72.0	-72.0	-77.0	-64.0	22.0	-35.0
3	-62.0	-55.0	-62.0	-66.0	-70.0	-71.0	-79.0	-67.0	22.0	-34.0
3	-63.0	-54.0	-67.0	-70.0	-71.0	-68.0	-81.0	-68.0	22.0	-33.0
3	-57.0	-56.0	-61.0	-67.0	-69.0	-71.0	-78.0	-62.0	20.0	-31.0
3	-68.0	-65.0	-67.0	-65.0	-64.0	-71.0	-79.0	-72.0	19.0	-29.0
3	-57.0	-54.0	-61.0	-68.0	-75.0	-72.0	-77.0	-70.0	17.0	-26.0
3	-62.0	-54.0	-65.0	-68.0	-75.0	-69.0	-81.0	-66.0	15.0	-23.0
3	-66.0	-51.0	-61.0	-71.0	-70.0	-69.0	-74.0	-73.0	20.0	-25.0
3	-59.0	-49.0	-62.0	-66.0	-67.0	-69.0	-76.0	-65.0	20.0	-24.0
3	-61.0	-50.0	-61.0	-62.0	-71.0	-68.0	-80.0	-68.0	24.0	-29.0
3	-61.0	-49.0	-60.0	-64.0	-73.0	-69.0	-76.0	-72.0	25.0	-33.0
3	-63.0	-52.0	-62.0	-69.0	-74.0	-70.0	-79.0	-73.0	25.0	-35.0
3	-66.0	-53.0	-54.0	-66.0	-73.0	-66.0	-77.0	-77.0	25.0	-36.0
3	-60.0	-51.0	-59.0	-59.0	-82.0	-64.0	-74.0	-76.0	24.0	-37.0
3	-64.0	-59.0	-55.0	-64.0	-72.0	-66.0	-77.0	-74.0	25.0	-37.0
3	-62.0	-60.0	-59.0	-62.0	-73.0	-67.0	-77.0	-76.0	25.0	-37.0
3	-60.0	-52.0	-58.0	-62.0	-68.0	-65.0	-74.0	-74.0	24.0	-37.0
3	-54.0	-52.0	-57.0	-62.0	-72.0	-64.0	-76.0	-76.0	24.0	-37.0
3	-56.0	-52.0	-61.0	-70.0	-64.0	-66.0	-79.0	-68.0	24.0	-36.0
3	-53.0	-49.0	-56.0	-69.0	-64.0	-68.0	-81.0	-79.0	23.0	-36.0
3	-57.0	-52.0	-64.0	-72.0	-70.0	-73.0	-84.0	-68.0	24.0	-36.0
3	-50.0	-51.0	-59.0	-70.0	-68.0	-72.0	-82.0	-67.0	23.0	-36.0
3	-49.0	-47.0	-59.0	-69.0	-70.0	-73.0	-84.0	-69.0	24.0	-34.0
5	-58.0	-63.0	-72.0	-84.0	-55.0	-83.0	-86.0	-56.0	21.0	-37.0
5	-54.0	-55.0	-70.0	-78.0	-57.0	-83.0	-84.0	-55.0	22.0	-37.0
5	-48.0	-60.0	-68.0	-78.0	-56.0	-82.0	-85.0	-63.0	22.0	-37.0
5	-50.0	-58.0	-74.0	-78.0	-58.0	-81.0	-86.0	-58.0	21.0	-37.0
5	-56.0	-62.0	-70.0	-78.0	-57.0	-84.0	-86.0	-62.0	21.0	-36.0
5	-56.0	-73.0	-68.0	-79.0	-60.0	-81.0	-86.0	-60.0	21.0	-36.0
5	-52.0	-58.0	-72.0	-79.0	-53.0	-83.0	-87.0	-57.0	20.0	-37.0
5	-50.0	-65.0	-70.0	-79.0	-56.0	-85.0	-85.0	-55.0	21.0	-35.0
5	-55.0	-63.0	-66.0	-79.0	-55.0	-85.0	-85.0	-60.0	21.0	-35.0
5	-55.0	-65.0	-66.0	-79.0	-57.0	-83.0	-86.0	-60.0	22.0	-34.0
5	-47.0	-62.0	-77.0	-80.0	-51.0	-81.0	-86.0	-62.0	22.0	-33.0
5	-45.0	-72.0	-77.0	-80.0	-54.0	-83.0	-86.0	-62.0	22.0	-33.0
5	-45.0	-69.0	-69.0	-80.0	-51.0	-83.0	-86.0	-57.0	22.0	-32.0
5	-47.0	-70.0	-68.0	-78.0	-58.0	-82.0	-86.0	-60.0	21.0	-33.0
5	-55.0	-70.0	-73.0	-81.0	-51.0	-85.0	-86.0	-63.0	23.0	-33.0
5	-51.0	-65.0	-73.0	-81.0	-46.0	-87.0	-85.0	-63.0	24.0	-32.0
5	-44.0	-68.0	-72.0	-79.0	-45.0	-85.0	-85.0	-65.0	24.0	-33.0
5	-45.0	-64.0	-73.0	-87.0	-46.0	-82.0	-85.0	-63.0	24.0	-34.0
5	-45.0	-72.0	-74.0	-87.0	-40.0	-86.0	-86.0	-59.0	23.0	-35.0
5	-48.0	-76.0	-80.0	-87.0	-44.0	-84.0	-86.0	-56.0	23.0	-36.0
5	-44.0	-70.0	-77.0	-87.0	-50.0	-85.0	-86.0	-62.0	23.0	-36.0
5	-52.0	-72.0	-78.0	-87.0	-39.0	-85.0	-86.0	-63.0	23.0	-36.0
5	-46.0	-68.0	-75.0	-87.0	-43.0	-86.0	-86.0	-56.0	22.0	-35.0
5	-50.0	-68.0	-81.0	-87.0	-39.0	-85.0	-86.0	-62.0	21.0	-35.0
5	-55.0	-74.0	-80.0	-87.0	-43.0	-88.0	-86.0	-57.0	21.0	-35.0
5	-87.0	-76.0	-81.0	-87.0	-44.0	-88.0	-86.0	-58.0	21.0	-36.0
5	-57.0	-76.0	-79.0	-87.0	-42.0	-86.0	-86.0	-62.0	22.0	-35.0
5	-54.0	-78.0	-74.0	-87.0	-43.0	-86.0	-86.0	-62.0	23.0	-35.0
5	-62.0	-73.0	-79.0	-86.0	-41.0	-87.0	-86.0	-58.0	24.0	-38.0
5	-63.0	-71.0	-79.0	-85.0	-43.0	-86.0	-86.0	-65.0	25.0	-40.0
5	-58.0	-73.0	-79.0	-85.0	-38.0	-86.0	-86.0	-65.0	23.0	-40.0
5	-57.0	-73.0	-81.0	-84.0	-38.0	-84.0	-86.0	-58.0	23.0	-39.0
5	-57.0	-72.0	-81.0	-84.0	-32.0	-85.0	-86.0	-64.0	23.0	-38.0
5	-56.0	-73.0	-78.0	-82.0	-42.0	-85.0	-86.0	-57.0	22.0	-38.0
5	-54.0	-69.0	-80.0	-82.0	-38.0	-88.0	-86.0	-57.0	22.0	-37.0
5	-62.0	-70.0	-81.0	-82.0	-37.0	-86.0	-86.0	-62.0	23.0	-36.0
5	-56.0	-70.0	-77.0	-82.0	-39.0	-86.0	-86.0	-59.0	25.0	-35.0
5	-55.0	-74.0	-78.0	-82.0	-40.0	-87.0	-86.0	-56.0	24.0	-36.0
5	-58.0	-77.0	-78.0	-85.0	-44.0	-86.0	-86.0	-69.0	23.0	-37.0
5	-53.0	-72.0	-83.0	-84.0	-32.0	-87.0	-86.0	-55.0	23.0	-38.0
5	-56.0	-76.0	-80.0	-84.0	-35.0	-87.0	-86.0	-56.0	23.0	-38.0
5	-53.0	-76.0	-78.0	-84.0	-37.0	-85.0	-86.0	-62.0	23.0	-35.0
5	-56.0	-76.0	-79.0	-84.0	-31.0	-87.0	-86.0	-65.0	22.0	-33.0
5	-55.0	-74.0	-81.0	-84.0	-37.0	-86.0	-86.0	-58.0	23.0	-32.0
5	-53.0	-74.0	-78.0	-84.0	-39.0	-87.0	-86.0	-68.0	24.0	-31.0
5	-55.0	-75.0	-78.0	-83.0	-36.0	-86.0	-86.0	-63.0	19.0	-32.0
5	-55.0	-71.0	-79.0	-83.0	-35.0	-87.0	-86.0	-62.0	18.0	-32.0
5	-58.0	-74.0	-77.0	-83.0	-39.0	-86.0	-86.0	-66.0	17.0	-33.0
5	-54.0	-71.0	-80.0	-85.0	-38.0	-85.0	-86.0	-59.0	18.0	-35.0
5	-55.0	-76.0	-84.0	-85.0	-39.0	-86.0	-86.0	-60.0	20.0	-36.0
5	-52.0	-66.0	-76.0	-85.0	-45.0	-86.0	-86.0	-61.0	19.0	-37.0
5	-57.0	-70.0	-81.0	-85.0	-45.0	-88.0	-86.0	-56.0	20.0	-39.0
5	-52.0	-70.0	-81.0	-85.0	-44.0	-87.0	-86.0	-69.0	20.0	-39.0
5	-54.0	-78.0	-79.0	-85.0	-45.0	-87.0	-86.0	-57.0	21.0	-37.0
5	-57.0	-72.0	-76.0	-85.0	-42.0	-85.0	-86.0	-61.0	20.0	-38.0
5	-57.0	-67.0	-79.0	-85.0	-43.0	-83.0	-86.0	-61.0	20.0	-40.0
5	-48.0	-71.0	-75.0	-84.0	-40.0	-82.0	-86.0	-59.0	19.0	-39.0
5	-53.0	-68.0	-80.0	-84.0	-45.0	-84.0	-86.0	-64.0	20.0	-39.0
5	-54.0	-68.0	-73.0	-84.0	-43.0	-85.0	-86.0	-60.0	20.0	-40.0
5	-56.0	-66.0	-73.0	-84.0	-45.0	-84.0	-86.0	-58.0	20.0	-40.0
5	-54.0	-70.0	-73.0	-80.0	-45.0	-82.0	-86.0	-57.0	21.0	-39.0
5	-52.0	-68.0	-75.0	-80.0	-57.0	-80.0	-86.0	-63.0	20.0	-38.0
5	-57.0	-71.0	-82.0	-80.0	-52.0	-80.0	-85.0	-65.0	19.0	-37.0
5	-52.0	-74.0	-75.0	-80.0	-46.0	-82.0	-87.0	-51.0	21.0	-38.0
5	-55.0	-72.0	-73.0	-81.0	-44.0	-81.0	-87.0	-55.0	20.0	-36.0
5	-57.0	-68.0	-79.0	-81.0	-44.0	-78.0	-86.0	-69.0	19.0	-34.0
5	-54.0	-70.0	-78.0	-81.0	-44.0	-83.0	-86.0	-58.0	17.0	-33.0
5	-55.0	-66.0	-75.0	-80.0	-45.0	-81.0	-86.0	-56.0	15.0	-34.0
5	-53.0	-71.0	-75.0	-80.0	-36.0	-78.0	-86.0	-59.0	19.0	-35.0
5	-47.0	-69.0	-73.0	-74.0	-40.0	-82.0	-86.0	-57.0	23.0	-35.0
5	-55.0	-69.0	-75.0	-74.0	-38.0	-82.0	-86.0	-58.0	24.0	-35.0
5	-52.0	-69.0	-76.0	-74.0	-44.0	-77.0	-86.0	-60.0	24.0	-36.0
5	-53.0	-67.0	-78.0	-80.0	-43.0	-81.0	-86.0	-58.0	24.0	-36.0
5	-47.0	-69.0	-78.0	-79.0	-86.0	-83.0	-85.0	-65.0	25.0	-35.0
5	-50.0	-72.0	-74.0	-79.0	-46.0	-80.0	-86.0	-57.0	25.0	-36.0
5	-48.0	-69.0	-74.0	-79.0	-51.0	-84.0	-86.0	-62.0	24.0	-35.0
5	-55.0	-63.0	-79.0	-79.0	-49.0	-82.0	-87.0	-55.0	25.0	-35.0
5	-55.0	-72.0	-76.0	-79.0	-46.0	-82.0	-86.0	-61.0	24.0	-34.0
5	-55.0	-68.0	-74.0	-79.0	-44.0	-86.0	-86.0	-56.0	23.0	-35.0
5	-63.0	-70.0	-78.0	-79.0	-48.0	-87.0	-86.0	-57.0	21.0	-35.0
5	-50.0	-70.0	-79.0	-79.0	-47.0	-83.0	-86.0	-58.0	22.0	-34.0
5	-59.0	-79.0	-80.0	-79.0	-47.0	-85.0	-86.0	-58.0	22.0	-33.0
5	-55.0	-72.0	-74.0	-85.0	-46.0	-86.0	-86.0	-58.0	22.0	-33.0
5	-56.0	-74.0	-75.0	-85.0	-51.0	-86.0	-86.0	-58.0	22.0	-33.0
5	-58.0	-76.0	-75.0	-85.0	-57.0	-84.0	-86.0	-59.0	22.0	-33.0
5	-59.0	-76.0	-75.0	-85.0	-51.0	-84.0	-86.0	-61.0	23.0	-33.0
5	-63.0	-70.0	-79.0	-85.0	-49.0	-84.0	-86.0	-56.0	23.0	-33.0
5	-51.0	-72.0	-79.0	-82.0	-45.0	-85.0	-86.0	-55.0	24.0	-34.0
5	-51.0	-70.0	-76.0	-82.0	-42.0	-85.0	-86.0	-54.0	25.0	-33.0
5	-58.0	-66.0	-79.0	-82.0	-44.0	-87.0	-86.0	-53.0	27.0	-34.0
5	-54.0	-71.0	-75.0	-82.0	-45.0	-86.0	-86.0	-57.0	29.0	-34.0
5	-58.0	-74.0	-78.0	-83.0	-45.0	-87.0	-86.0	-54.0	28.0	-33.0
5	-68.0	-74.0	-77.0	-84.0	-45.0	-86.0	-86.0	-54.0	29.0	-33.0
5	-57.0	-69.0	-83.0	-84.0	-43.0	-86.0	-86.0	-48.0	29.0	-32.0
5	-54.0	-76.0	-74.0	-84.0	-42.0	-86.0	-86.0	-48.0	29.0	-31.0
5	-57.0	-74.0	-79.0	-84.0	-41.0	-86.0	-86.0	-51.0	31.0	-31.0
5	-63.0	-76.0	-80.0	-84.0	-46.0	-86.0	-86.0	-51.0	29.0	-33.0
5	-55.0	-70.0	-79.0	-84.0	-41.0	-86.0	-86.0	-54.0	26.0	-34.0
5	-53.0	-75.0	-77.0	-83.0	-49.0	-83.0	-86.0	-57.0	24.0	-36.0
5	-51.0	-67.0	-74.0	-83.0	-47.0	-83.0	-86.0	-53.0	23.0	-36.0
5	-52.0	-73.0	-80.0	-83.0	-46.0	-83.0	-86.0	-44.0	23.0	-36.0
5	-58.0	-67.0	-76.0	-83.0	-45.0	-85.0	-86.0	-48.0	24.0	-35.0
5	-52.0	-65.0	-76.0	-83.0	-48.0	-85.0	-86.0	-53.0	24.0	-36.0
5	-49.0	-70.0	-76.0	-83.0	-44.0	-82.0	-86.0	-55.0	24.0	-35.0
5	-50.0	-70.0	-77.0	-83.0	-49.0	-83.0	-86.0	-57.0	24.0	-36.0
5	-53.0	-62.0	-71.0	-83.0	-45.0	-81.0	-86.0	-55.0	21.0	-36.0
5	-49.0	-67.0	-85.0	-83.0	-43.0	-82.0	-86.0	-62.0	19.0	-35.0
5	-44.0	-67.0	-77.0	-83.0	-49.0	-83.0	-86.0	-54.0	19.0	-35.0
5	-48.0	-71.0	-73.0	-83.0	-48.0	-81.0	-86.0	-59.0	17.0	-35.0
5	-50.0	-67.0	-76.0	-82.0	-46.0	-86.0	-86.0	-62.0	17.0	-36.0
5	-52.0	-67.0	-76.0	-82.0	-42.0	-84.0	-86.0	-65.0	18.0	-37.0
5	-50.0	-66.0	-74.0	-78.0	-45.0	-81.0	-87.0	-58.0	19.0	-37.0
5	-51.0	-64.0	-73.0	-80.0	-46.0	-82.0	-86.0	-62.0	21.0	-37.0
5	-44.0	-67.0	-77.0	-80.0	-42.0	-81.0	-87.0	-66.0	23.0	-36.0
5	-47.0	-75.0	-77.0	-80.0	-45.0	-80.0	-87.0	-65.0	24.0	-36.0
5	-45.0	-63.0	-77.0	-80.0	-43.0	-85.0	-86.0	-68.0	25.0	-34.0
5	-51.0	-73.0	-78.0	-85.0	-43.0	-85.0	-86.0	-64.0	22.0	-34.0
5	-51.0	-76.0	-83.0	-87.0	-38.0	-86.0	-86.0	-64.0	17.0	-33.0
5	-55.0	-76.0	-83.0	-87.0	-40.0	-86.0	-86.0	-58.0	21.0	-33.0
5	-56.0	-70.0	-80.0	-86.0	-42.0	-84.0	-86.0	-63.0	23.0	-35.0
5	-55.0	-71.0	-76.0	-86.0	-48.0	-86.0	-86.0	-58.0	24.0	-36.0
5	-55.0	-76.0	-76.0	-86.0	-44.0	-87.0	-86.0	-60.0	24.0	-36.0
5	-58.0	-71.0	-77.0	-86.0	-43.0	-87.0	-86.0	-59.0	24.0	-35.0
5	-61.0	-75.0	-77.0	-82.0	-41.0	-83.0	-86.0	-56.0	25.0	-36.0
5	-60.0	-70.0	-73.0	-82.0	-50.0	-84.0	-86.0	-59.0	26.0	-39.0
5	-55.0	-75.0	-80.0	-82.0	-41.0	-85.0	-86.0	-57.0	25.0	-39.0
5	-59.0	-69.0	-75.0	-82.0	-46.0	-86.0	-86.0	-58.0	24.0	-37.0
5	-57.0	-73.0	-83.0	-84.0	-44.0	-86.0	-86.0	-57.0	25.0	-37.0
5	-56.0	-77.0	-80.0	-84.0	-35.0	-86.0	-86.0	-58.0	26.0	-38.0
5	-58.0	-71.0	-77.0	-82.0	-41.0	-85.0	-86.0	-55.0	25.0	-40.0
5	-57.0	-76.0	-75.0	-83.0	-39.0	-85.0	-86.0	-58.0	24.0	-38.0
5	-59.0	-75.0	-75.0	-83.0	-36.0	-85.0	-86.0	-53.0	23.0	-37.0
5	-53.0	-72.0	-78.0	-86.0	-34.0	-85.0	-86.0	-55.0	23.0	-37.0
5	-58.0	-80.0	-77.0	-86.0	-33.0	-86.0	-86.0	-55.0	22.0	-37.0
5	-56.0	-82.0	-77.0	-86.0	-33.0	-85.0	-86.0	-58.0	23.0	-37.0
5	-57.0	-82.0	-76.0	-84.0	-34.0	-85.0	-86.0	-58.0	23.0	-37.0
5	-56.0	-75.0	-79.0	-84.0	-34.0	-85.0	-86.0	-55.0	24.0	-37.0
5	-58.0	-81.0	-75.0	-84.0	-36.0	-86.0	-86.0	-63.0	23.0	-38.0
5	-50.0	-74.0	-79.0	-84.0	-38.0	-87.0	-86.0	-55.0	23.0	-38.0
5	-60.0	-72.0	-73.0	-84.0	-36.0	-86.0	-86.0	-57.0	23.0	-38.0
5	-54.0	-74.0	-81.0	-82.0	-46.0	-85.0	-86.0	-55.0	23.0	-38.0
5	-56.0	-74.0	-76.0	-82.0	-45.0	-88.0	-86.0	-58.0	22.0	-36.0
5	-53.0	-70.0	-71.0	-82.0	-39.0	-87.0	-86.0	-57.0	20.0	-37.0
5	-51.0	-75.0	-80.0	-82.0	-40.0	-87.0	-86.0	-58.0	18.0	-39.0
5	-52.0	-74.0	-77.0	-81.0	-46.0	-86.0	-86.0	-61.0	17.0	-40.0
5	-47.0	-70.0	-70.0	-81.0	-45.0	-82.0	-86.0	-57.0	17.0	-41.0
5	-46.0	-71.0	-73.0	-81.0	-43.0	-82.0	-85.0	-64.0	18.0	-41.0
5	-44.0	-72.0	-73.0	-81.0	-44.0	-86.0	-85.0	-62.0	19.0	-41.0
5	-49.0	-71.0	-75.0	-84.0	-43.0	-82.0	-85.0	-61.0	20.0	-40.0
5	-53.0	-67.0	-77.0	-81.0	-47.0	-83.0	-85.0	-61.0	20.0	-40.0
5	-50.0	-69.0	-76.0	-81.0	-43.0	-81.0	-85.0	-57.0	23.0	-40.0
5	-52.0	-65.0	-77.0	-79.0	-40.0	-83.0	-85.0	-63.0	24.0	-38.0
5	-48.0	-69.0	-73.0	-79.0	-44.0	-84.0	-87.0	-67.0	23.0	-38.0
5	-60.0	-68.0	-72.0	-79.0	-43.0	-85.0	-87.0	-55.0	23.0	-37.0
5	-55.0	-66.0	-80.0	-79.0	-42.0	-85.0	-87.0	-61.0	21.0	-37.0
5	-48.0	-70.0	-73.0	-79.0	-40.0	-85.0	-87.0	-56.0	23.0	-36.0
5	-53.0	-72.0	-70.0	-79.0	-41.0	-86.0	-86.0	-56.0	21.0	-35.0
5	-54.0	-71.0	-70.0	-79.0	-44.0	-85.0	-86.0	-57.0	19.0	-34.0
5	-50.0	-75.0	-76.0	-79.0	-44.0	-82.0	-86.0	-62.0	17.0	-35.0
5	-47.0	-68.0	-73.0	-79.0	-43.0	-83.0	-87.0	-58.0	17.0	-37.0
5	-49.0	-67.0	-67.0	-79.0	-45.0	-86.0	-87.0	-64.0	19.0	-38.0
5	-48.0	-68.0	-72.0	-80.0	-52.0	-83.0	-86.0	-62.0	22.0	-37.0
5	-47.0	-62.0	-67.0	-77.0	-47.0	-82.0	-86.0	-60.0	24.0	-36.0
5	-55.0	-68.0	-71.0	-77.0	-52.0	-82.0	-81.0	-60.0	23.0	-35.0
5	-49.0	-59.0	-73.0	-77.0	-53.0	-76.0	-80.0	-55.0	24.0	-33.0
5	-49.0	-65.0	-71.0	-76.0	-55.0	-76.0	-81.0	-54.0	23.0	-33.0
5	-50.0	-75.0	-72.0	-77.0	-52.0	-76.0	-82.0	-57.0	23.0	-33.0
5	-58.0	-56.0	-67.0	-73.0	-52.0	-77.0	-81.0	-56.0	23.0	-35.0
5	-52.0	-62.0	-68.0	-74.0	-54.0	-81.0	-82.0	-52.0	23.0	-35.0
5	-55.0	-65.0	-64.0	-73.0	-54.0	-78.0	-78.0	-58.0	22.0	-36.0
5	-53.0	-60.0	-68.0	-75.0	-62.0	-78.0	-80.0	-56.0	21.0	-36.0
5	-60.0	-58.0	-65.0	-76.0	-60.0	-77.0	-80.0	-53.0	21.0	-38.0
5	-56.0	-63.0	-69.0	-76.0	-62.0	-78.0	-82.0	-53.0	22.0	-37.0
5	-56.0	-60.0	-66.0	-75.0	-61.0	-76.0	-77.0	-54.0	22.0	-37.0
5	-58.0	-57.0	-69.0	-79.0	-55.0	-74.0	-77.0	-61.0	23.0	-38.0
5	-59.0	-57.0	-74.0	-79.0	-51.0	-72.0	-80.0	-56.0	24.0	-37.0
5	-58.0	-63.0	-71.0	-79.0	-57.0	-72.0	-80.0	-52.0	24.0	-37.0
5	-54.0	-59.0	-75.0	-74.0	-61.0	-71.0	-81.0	-49.0	24.0	-37.0
5	-51.0	-61.0	-66.0	-74.0	-58.0	-70.0	-79.0	-50.0	24.0	-37.0
5	-50.0	-60.0	-68.0	-76.0	-60.0	-78.0	-81.0	-51.0	24.0	-37.0
5	-51.0	-64.0	-70.0	-76.0	-55.0	-80.0	-83.0	-54.0	23.0	-36.0
5	-54.0	-65.0	-67.0	-81.0	-50.0	-84.0	-83.0	-57.0	22.0	-36.0
5	-52.0	-63.0	-69.0	-81.0	-55.0	-84.0	-83.0	-58.0	21.0	-37.0
5	-56.0	-57.0	-71.0	-77.0	-52.0	-81.0	-83.0	-56.0	21.0	-37.0
5	-49.0	-63.0	-71.0	-77.0	-51.0	-79.0	-85.0	-57.0	20.0	-36.0
5	-54.0	-62.0	-68.0	-77.0	-56.0	-77.0	-82.0	-60.0	20.0	-35.0
5	-50.0	-60.0	-68.0	-77.0	-51.0	-77.0	-82.0	-60.0	19.0	-34.0
5	-53.0	-61.0	-70.0	-77.0	-55.0	-86.0	-87.0	-58.0	22.0	-33.0
5	-50.0	-64.0	-77.0	-82.0	-54.0	-85.0	-87.0	-56.0	23.0	-33.0
5	-50.0	-71.0	-70.0	-82.0	-54.0	-82.0	-87.0	-59.0	23.0	-33.0
5	-54.0	-65.0	-67.0	-82.0	-50.0	-81.0	-86.0	-69.0	23.0	-33.0
5	-53.0	-66.0	-71.0	-82.0	-47.0	-82.0	-85.0	-60.0	24.0	-33.0
5	-49.0	-74.0	-71.0	-83.0	-46.0	-84.0	-85.0	-61.0	24.0	-34.0
5	-47.0	-69.0	-78.0	-82.0	-52.0	-84.0	-85.0	-60.0	24.0	-34.0
5	-48.0	-69.0	-74.0	-82.0	-44.0	-85.0	-85.0	-56.0	23.0	-35.0
5	-49.0	-67.0	-79.0	-82.0	-54.0	-85.0	-85.0	-58.0	23.0	-35.0
5	-55.0	-73.0	-79.0	-82.0	-46.0	-87.0	-85.0	-57.0	23.0	-36.0
5	-50.0	-73.0	-80.0	-82.0	-50.0	-81.0	-85.0	-56.0	23.0	-36.0
5	-43.0	-71.0	-80.0	-84.0	-45.0	-83.0	-85.0	-53.0	24.0	-36.0
5	-47.0	-71.0	-81.0	-84.0	-42.0	-84.0	-85.0	-58.0	23.0	-37.0
5	-49.0	-69.0	-74.0	-84.0	-48.0	-84.0	-85.0	-64.0	23.0	-37.0
5	-53.0	-68.0	-80.0	-84.0	-44.0	-83.0	-86.0	-59.0	23.0	-37.0
5	-57.0	-79.0	-80.0	-84.0	-45.0	-86.0	-84.0	-58.0	21.0	-37.0
5	-45.0	-74.0	-79.0	-84.0	-42.0	-81.0	-85.0	-64.0	19.0	-36.0
5	-51.0	-72.0	-80.0	-84.0	-44.0	-83.0	-85.0	-62.0	19.0	-35.0
5	-55.0	-69.0	-83.0	-84.0	-37.0	-85.0	-85.0	-62.0	21.0	-35.0
5	-56.0	-72.0	-82.0	-83.0	-44.0	-83.0	-85.0	-58.0	23.0	-36.0
5	-62.0	-69.0	-78.0	-83.0	-44.0	-84.0	-85.0	-68.0	24.0	-36.0
5	-57.0	-80.0	-75.0	-83.0	-39.0	-85.0	-85.0	-60.0	23.0	-36.0
5	-54.0	-79.0	-77.0	-85.0	-43.0	-81.0	-85.0	-63.0	25.0	-37.0
5	-56.0	-72.0	-76.0	-85.0	-44.0	-85.0	-85.0	-62.0	25.0	-39.0
5	-54.0	-75.0	-74.0	-83.0	-41.0	-85.0	-85.0	-62.0	24.0	-38.0
5	-60.0	-72.0	-76.0	-83.0	-39.0	-85.0	-85.0	-57.0	26.0	-37.0
5	-56.0	-79.0	-80.0	-83.0	-39.0	-86.0	-85.0	-59.0	25.0	-39.0
5	-62.0	-74.0	-77.0	-83.0	-43.0	-87.0	-85.0	-62.0	26.0	-39.0
5	-64.0	-75.0	-78.0	-83.0	-40.0	-86.0	-85.0	-58.0	24.0	-40.0
5	-54.0	-71.0	-81.0	-86.0	-46.0	-85.0	-85.0	-59.0	23.0	-38.0
5	-52.0	-76.0	-78.0	-84.0	-33.0	-85.0	-85.0	-55.0	23.0	-39.0
5	-51.0	-73.0	-77.0	-84.0	-43.0	-87.0	-85.0	-67.0	23.0	-38.0
5	-52.0	-73.0	-79.0	-84.0	-39.0	-86.0	-85.0	-56.0	23.0	-37.0
5	-50.0	-82.0	-80.0	-84.0	-39.0	-87.0	-85.0	-58.0	22.0	-36.0
5	-59.0	-70.0	-80.0	-82.0	-51.0	-83.0	-85.0	-57.0	19.0	-37.0
5	-55.0	-75.0	-77.0	-82.0	-42.0	-84.0	-85.0	-57.0	17.0	-39.0
5	-56.0	-67.0	-80.0	-79.0	-46.0	-81.0	-85.0	-56.0	17.0	-41.0
5	-47.0	-67.0	-73.0	-79.0	-44.0	-83.0	-85.0	-63.0	18.0	-40.0
5	-50.0	-75.0	-79.0	-79.0	-45.0	-84.0	-85.0	-58.0	19.0	-40.0
5	-54.0	-77.0	-71.0	-85.0	-43.0	-82.0	-85.0	-58.0	19.0	-39.0
5	-51.0	-70.0	-76.0	-81.0	-48.0	-82.0	-85.0	-63.0	19.0	-38.0
5	-55.0	-70.0	-75.0	-81.0	-47.0	-82.0	-87.0	-61.0	19.0	-38.0
5	-55.0	-73.0	-75.0	-81.0	-53.0	-81.0	-87.0	-58.0	19.0	-38.0
5	-55.0	-71.0	-81.0	-81.0	-40.0	-81.0	-86.0	-66.0	19.0	-37.0
5	-54.0	-71.0	-82.0	-81.0	-42.0	-83.0	-86.0	-63.0	20.0	-36.0
5	-52.0	-71.0	-75.0	-81.0	-39.0	-84.0	-86.0	-57.0	20.0	-36.0
5	-46.0	-70.0	-72.0	-81.0	-45.0	-85.0	-86.0	-58.0	22.0	-37.0
5	-55.0	-67.0	-77.0	-81.0	-45.0	-88.0	-86.0	-61.0	23.0	-37.0
5	-49.0	-64.0	-70.0	-80.0	-44.0	-84.0	-86.0	-57.0	23.0	-37.0
5	-49.0	-68.0	-77.0	-82.0	-44.0	-81.0	-86.0	-59.0	23.0	-37.0
5	-45.0	-65.0	-71.0	-82.0	-44.0	-83.0	-86.0	-65.0	23.0	-37.0
5	-45.0	-63.0	-76.0	-84.0	-44.0	-84.0	-86.0	-58.0	23.0	-37.0
5	-54.0	-64.0	-76.0	-84.0	-43.0	-81.0	-87.0	-54.0	23.0	-37.0
5	-47.0	-64.0	-73.0	-84.0	-43.0	-81.0	-87.0	-58.0	24.0	-36.0
5	-50.0	-67.0	-64.0	-84.0	-49.0	-82.0	-82.0	-61.0	25.0	-35.0
5	-54.0	-65.0	-68.0	-84.0	-49.0	-81.0	-83.0	-59.0	25.0	-34.0
5	-51.0	-59.0	-66.0	-72.0	-55.0	-79.0	-82.0	-58.0	25.0	-34.0
5	-55.0	-56.0	-67.0	-81.0	-56.0	-79.0	-82.0	-53.0	25.0	-35.0
5	-56.0	-58.0	-64.0	-77.0	-54.0	-79.0	-80.0	-54.0	24.0	-35.0
5	-52.0	-64.0	-70.0	-77.0	-54.0	-77.0	-79.0	-50.0	23.0	-36.0
5	-56.0	-62.0	-70.0	-76.0	-58.0	-76.0	-79.0	-65.0	23.0	-37.0
5	-53.0	-62.0	-72.0	-74.0	-62.0	-77.0	-82.0	-60.0	22.0	-36.0
5	-53.0	-55.0	-73.0	-74.0	-55.0	-75.0	-79.0	-53.0	23.0	-37.0
5	-56.0	-56.0	-71.0	-78.0	-57.0	-73.0	-82.0	-65.0	22.0	-38.0
5	-62.0	-50.0	-66.0	-74.0	-64.0	-73.0	-79.0	-54.0	23.0	-38.0
5	-58.0	-54.0	-67.0	-83.0	-63.0	-76.0	-79.0	-55.0	24.0	-38.0
5	-59.0	-59.0	-65.0	-83.0	-61.0	-75.0	-76.0	-63.0	24.0	-37.0
5	-54.0	-56.0	-77.0	-78.0	-54.0	-78.0	-80.0	-62.0	23.0	-37.0
5	-55.0	-68.0	-72.0	-79.0	-58.0	-78.0	-80.0	-75.0	23.0	-37.0
5	-51.0	-66.0	-72.0	-79.0	-60.0	-82.0	-81.0	-58.0	23.0	-37.0
5	-59.0	-56.0	-72.0	-82.0	-59.0	-81.0	-87.0	-51.0	21.0	-38.0
5	-51.0	-63.0	-66.0	-82.0	-58.0	-83.0	-87.0	-58.0	21.0	-37.0
5	-59.0	-58.0	-67.0	-82.0	-55.0	-80.0	-86.0	-57.0	22.0	-36.0
5	-52.0	-63.0	-73.0	-82.0	-53.0	-80.0	-86.0	-59.0	21.0	-36.0
5	-51.0	-68.0	-73.0	-85.0	-53.0	-81.0	-85.0	-62.0	20.0	-36.0
5	-52.0	-66.0	-72.0	-79.0	-56.0	-85.0	-86.0	-54.0	21.0	-34.0
5	-55.0	-66.0	-73.0	-81.0	-56.0	-83.0	-86.0	-65.0	22.0	-33.0
5	-48.0	-76.0	-73.0	-81.0	-52.0	-84.0	-85.0	-58.0	23.0	-32.0
5	-48.0	-68.0	-68.0	-80.0	-49.0	-84.0	-85.0	-64.0	24.0	-32.0
5	-53.0	-71.0	-75.0	-80.0	-48.0	-83.0	-88.0	-59.0	25.0	-33.0
5	-48.0	-69.0	-76.0	-80.0	-43.0	-85.0	-88.0	-61.0	25.0	-34.0
5	-49.0	-69.0	-79.0	-80.0	-46.0	-85.0	-88.0	-62.0	23.0	-34.0
5	-42.0	-67.0	-75.0	-83.0	-44.0	-85.0	-88.0	-59.0	23.0	-36.0
5	-47.0	-70.0	-76.0	-83.0	-49.0	-84.0	-88.0	-60.0	23.0	-35.0
5	-46.0	-68.0	-87.0	-83.0	-47.0	-86.0	-88.0	-59.0	24.0	-36.0
5	-49.0	-72.0	-77.0	-83.0	-43.0	-86.0	-88.0	-64.0	24.0	-36.0
5	-51.0	-81.0	-74.0	-83.0	-45.0	-86.0	-88.0	-59.0	24.0	-37.0
5	-49.0	-70.0	-79.0	-83.0	-42.0	-86.0	-88.0	-62.0	22.0	-37.0
5	-48.0	-63.0	-75.0	-78.0	-45.0	-80.0	-84.0	-59.0	20.0	-37.0
5	-44.0	-68.0	-71.0	-78.0	-42.0	-80.0	-84.0	-55.0	20.0	-37.0
5	-51.0	-68.0	-71.0	-81.0	-42.0	-84.0	-84.0	-76.0	23.0	-37.0
5	-53.0	-73.0	-70.0	-81.0	-46.0	-84.0	-84.0	-65.0	23.0	-37.0
5	-53.0	-61.0	-74.0	-81.0	-47.0	-81.0	-86.0	-59.0	23.0	-36.0
5	-53.0	-64.0	-75.0	-74.0	-54.0	-82.0	-86.0	-62.0	25.0	-36.0
5	-52.0	-67.0	-69.0	-74.0	-48.0	-79.0	-83.0	-66.0	25.0	-35.0
5	-48.0	-63.0	-66.0	-74.0	-54.0	-78.0	-81.0	-56.0	24.0	-34.0
5	-54.0	-56.0	-70.0	-77.0	-62.0	-77.0	-78.0	-61.0	24.0	-35.0
5	-55.0	-56.0	-62.0	-77.0	-58.0	-81.0	-82.0	-53.0	24.0	-35.0
5	-54.0	-63.0	-71.0	-74.0	-53.0	-80.0	-80.0	-54.0	23.0	-35.0
5	-55.0	-62.0	-68.0	-77.0	-56.0	-79.0	-80.0	-54.0	23.0	-36.0
4	-52.0	-57.0	-65.0	-82.0	-59.0	-83.0	-85.0	-60.0	24.0	-38.0
4	-50.0	-53.0	-69.0	-82.0	-64.0	-82.0	-85.0	-62.0	25.0	-38.0
4	-52.0	-60.0	-68.0	-82.0	-60.0	-80.0	-85.0	-69.0	26.0	-38.0
4	-44.0	-64.0	-68.0	-80.0	-56.0	-82.0	-85.0	-62.0	28.0	-39.0
4	-43.0	-59.0	-63.0	-79.0	-54.0	-83.0	-85.0	-62.0	26.0	-41.0
4	-43.0	-66.0	-77.0	-79.0	-58.0	-84.0	-85.0	-61.0	24.0	-39.0
4	-44.0	-57.0	-69.0	-73.0	-65.0	-76.0	-85.0	-59.0	24.0	-37.0
4	-38.0	-60.0	-69.0	-73.0	-55.0	-80.0	-87.0	-70.0	23.0	-36.0
4	-36.0	-64.0	-73.0	-73.0	-53.0	-83.0	-87.0	-64.0	24.0	-35.0
4	-34.0	-58.0	-75.0	-73.0	-61.0	-82.0	-87.0	-58.0	26.0	-35.0
4	-36.0	-59.0	-71.0	-73.0	-61.0	-82.0	-86.0	-68.0	24.0	-35.0
4	-31.0	-61.0	-73.0	-79.0	-54.0	-82.0	-86.0	-72.0	23.0	-35.0
4	-32.0	-63.0	-71.0	-79.0	-56.0	-85.0	-86.0	-64.0	22.0	-36.0
4	-30.0	-66.0	-76.0	-79.0	-51.0	-82.0	-86.0	-74.0	24.0	-35.0
4	-32.0	-50.0	-63.0	-76.0	-51.0	-79.0	-87.0	-70.0	21.0	-38.0
4	-31.0	-51.0	-65.0	-76.0	-56.0	-74.0	-85.0	-72.0	21.0	-38.0
4	-39.0	-54.0	-71.0	-76.0	-53.0	-76.0	-83.0	-68.0	21.0	-38.0
4	-29.0	-52.0	-71.0	-76.0	-58.0	-78.0	-83.0	-65.0	21.0	-38.0
4	-34.0	-63.0	-71.0	-76.0	-53.0	-79.0	-85.0	-65.0	23.0	-38.0
4	-35.0	-58.0	-70.0	-79.0	-55.0	-76.0	-85.0	-63.0	23.0	-37.0
4	-47.0	-62.0	-67.0	-77.0	-58.0	-79.0	-85.0	-68.0	24.0	-37.0
4	-44.0	-56.0	-72.0	-76.0	-69.0	-76.0	-84.0	-66.0	24.0	-37.0
4	-44.0	-61.0	-62.0	-71.0	-61.0	-74.0	-81.0	-61.0	25.0	-36.0
4	-45.0	-61.0	-73.0	-68.0	-59.0	-75.0	-84.0	-66.0	25.0	-36.0
4	-45.0	-59.0	-72.0	-76.0	-62.0	-74.0	-83.0	-74.0	24.0	-36.0
4	-47.0	-57.0	-63.0	-76.0	-63.0	-78.0	-86.0	-59.0	24.0	-37.0
4	-46.0	-55.0	-70.0	-76.0	-60.0	-76.0	-86.0	-57.0	24.0	-37.0
4	-47.0	-57.0	-68.0	-74.0	-60.0	-78.0	-86.0	-68.0	25.0	-37.0
4	-57.0	-59.0	-68.0	-82.0	-62.0	-78.0	-83.0	-60.0	25.0	-37.0
4	-51.0	-54.0	-66.0	-82.0	-66.0	-83.0	-84.0	-65.0	25.0	-38.0
4	-55.0	-56.0	-61.0	-75.0	-63.0	-80.0	-84.0	-62.0	25.0	-37.0
4	-50.0	-55.0	-60.0	-75.0	-68.0	-79.0	-86.0	-60.0	26.0	-37.0
4	-45.0	-59.0	-66.0	-75.0	-63.0	-80.0	-81.0	-61.0	28.0	-37.0
4	-44.0	-61.0	-70.0	-72.0	-61.0	-77.0	-81.0	-68.0	27.0	-37.0
4	-45.0	-58.0	-73.0	-70.0	-62.0	-73.0	-79.0	-61.0	27.0	-37.0
4	-49.0	-62.0	-66.0	-71.0	-64.0	-78.0	-79.0	-60.0	28.0	-37.0
4	-47.0	-64.0	-64.0	-71.0	-58.0	-80.0	-79.0	-63.0	26.0	-38.0
4	-51.0	-58.0	-67.0	-71.0	-61.0	-81.0	-79.0	-67.0	24.0	-39.0
4	-41.0	-57.0	-64.0	-76.0	-63.0	-79.0	-84.0	-67.0	24.0	-39.0
4	-48.0	-52.0	-65.0	-75.0	-58.0	-72.0	-83.0	-64.0	23.0	-39.0
4	-48.0	-56.0	-65.0	-80.0	-61.0	-80.0	-87.0	-64.0	23.0	-37.0
4	-46.0	-53.0	-65.0	-80.0	-58.0	-81.0	-85.0	-70.0	22.0	-38.0
4	-43.0	-61.0	-66.0	-80.0	-59.0	-78.0	-85.0	-63.0	22.0	-37.0
4	-43.0	-57.0	-71.0	-80.0	-60.0	-79.0	-84.0	-60.0	22.0	-36.0
4	-45.0	-67.0	-73.0	-80.0	-56.0	-83.0	-84.0	-62.0	23.0	-36.0
4	-43.0	-67.0	-73.0	-78.0	-54.0	-77.0	-84.0	-66.0	23.0	-36.0
4	-44.0	-65.0	-70.0	-79.0	-58.0	-81.0	-84.0	-66.0	25.0	-35.0
4	-41.0	-64.0	-71.0	-84.0	-61.0	-81.0	-86.0	-61.0	26.0	-35.0
4	-38.0	-56.0	-70.0	-82.0	-54.0	-83.0	-86.0	-63.0	27.0	-34.0
4	-33.0	-65.0	-70.0	-82.0	-56.0	-84.0	-86.0	-63.0	29.0	-33.0
4	-38.0	-60.0	-69.0	-81.0	-59.0	-82.0	-86.0	-71.0	26.0	-34.0
4	-34.0	-63.0	-69.0	-81.0	-60.0	-82.0	-86.0	-63.0	24.0	-34.0
4	-31.0	-55.0	-71.0	-81.0	-56.0	-77.0	-87.0	-71.0	22.0	-35.0
4	-29.0	-56.0	-73.0	-81.0	-53.0	-77.0	-87.0	-62.0	22.0	-36.0
4	-31.0	-66.0	-73.0	-73.0	-57.0	-79.0	-86.0	-68.0	23.0	-37.0
4	-32.0	-58.0	-69.0	-73.0	-57.0	-79.0	-86.0	-69.0	23.0	-38.0
4	-35.0	-65.0	-71.0	-76.0	-54.0	-79.0	-86.0	-69.0	25.0	-39.0
4	-29.0	-66.0	-71.0	-76.0	-54.0	-81.0	-86.0	-69.0	24.0	-39.0
4	-30.0	-68.0	-73.0	-81.0	-50.0	-79.0	-85.0	-65.0	24.0	-39.0
4	-29.0	-60.0	-74.0	-81.0	-57.0	-76.0	-82.0	-68.0	26.0	-38.0
4	-30.0	-58.0	-67.0	-74.0	-59.0	-78.0	-84.0	-59.0	26.0	-37.0
4	-32.0	-66.0	-68.0	-74.0	-54.0	-73.0	-83.0	-79.0	26.0	-36.0
4	-37.0	-56.0	-77.0	-74.0	-55.0	-75.0	-83.0	-74.0	26.0	-36.0
4	-33.0	-59.0	-67.0	-78.0	-50.0	-80.0	-85.0	-64.0	25.0	-35.0
4	-36.0	-62.0	-69.0	-76.0	-58.0	-76.0	-85.0	-73.0	25.0	-34.0
4	-39.0	-56.0	-68.0	-76.0	-53.0	-77.0	-85.0	-66.0	27.0	-33.0
4	-43.0	-52.0	-69.0	-75.0	-54.0	-80.0	-84.0	-67.0	31.0	-33.0
4	-44.0	-59.0	-67.0	-71.0	-64.0	-81.0	-84.0	-64.0	32.0	-34.0
4	-44.0	-61.0	-63.0	-76.0	-58.0	-76.0	-85.0	-58.0	30.0	-33.0
4	-50.0	-57.0	-64.0	-79.0	-60.0	-81.0	-85.0	-59.0	25.0	-35.0
4	-52.0	-58.0	-65.0	-79.0	-59.0	-76.0	-83.0	-60.0	24.0	-37.0
4	-53.0	-60.0	-62.0	-79.0	-64.0	-77.0	-79.0	-57.0	25.0	-38.0
4	-51.0	-54.0	-65.0	-79.0	-54.0	-77.0	-84.0	-57.0	26.0	-42.0
4	-55.0	-54.0	-62.0	-80.0	-57.0	-78.0	-83.0	-55.0	29.0	-45.0
4	-56.0	-52.0	-69.0	-80.0	-57.0	-75.0	-82.0	-60.0	31.0	-42.0
4	-48.0	-56.0	-64.0	-80.0	-69.0	-77.0	-82.0	-62.0	27.0	-40.0
4	-55.0	-56.0	-65.0	-80.0	-66.0	-72.0	-81.0	-70.0	25.0	-38.0
4	-46.0	-52.0	-67.0	-80.0	-59.0	-72.0	-81.0	-70.0	21.0	-37.0
4	-43.0	-53.0	-70.0	-80.0	-60.0	-78.0	-84.0	-69.0	23.0	-37.0
4	-45.0	-59.0	-77.0	-80.0	-67.0	-82.0	-84.0	-59.0	22.0	-37.0
4	-48.0	-59.0	-75.0	-80.0	-58.0	-81.0	-84.0	-63.0	23.0	-36.0
4	-38.0	-58.0	-74.0	-80.0	-57.0	-79.0	-84.0	-60.0	22.0	-36.0
4	-38.0	-59.0	-72.0	-80.0	-59.0	-78.0	-84.0	-73.0	23.0	-36.0
4	-37.0	-64.0	-76.0	-80.0	-61.0	-78.0	-84.0	-66.0	24.0	-37.0
4	-39.0	-65.0	-67.0	-80.0	-58.0	-80.0	-84.0	-64.0	24.0	-36.0
4	-39.0	-61.0	-71.0	-77.0	-55.0	-71.0	-84.0	-67.0	25.0	-36.0
4	-34.0	-66.0	-72.0	-77.0	-58.0	-79.0	-84.0	-67.0	24.0	-36.0
4	-33.0	-59.0	-77.0	-78.0	-60.0	-78.0	-84.0	-72.0	25.0	-36.0
4	-32.0	-64.0	-77.0	-78.0	-54.0	-77.0	-84.0	-72.0	26.0	-36.0
4	-31.0	-61.0	-68.0	-78.0	-51.0	-80.0	-84.0	-65.0	25.0	-36.0
4	-32.0	-59.0	-78.0	-78.0	-55.0	-81.0	-84.0	-63.0	26.0	-34.0
4	-33.0	-62.0	-75.0	-78.0	-53.0	-78.0	-84.0	-66.0	25.0	-36.0
4	-34.0	-64.0	-75.0	-86.0	-49.0	-81.0	-87.0	-62.0	24.0	-35.0
4	-33.0	-63.0	-75.0	-83.0	-50.0	-84.0	-87.0	-68.0	25.0	-35.0
4	-28.0	-62.0	-76.0	-85.0	-48.0	-70.0	-87.0	-75.0	24.0	-37.0
4	-28.0	-54.0	-71.0	-79.0	-51.0	-80.0	-87.0	-71.0	20.0	-38.0
4	-36.0	-58.0	-71.0	-79.0	-62.0	-74.0	-87.0	-74.0	21.0	-37.0
4	-30.0	-58.0	-80.0	-79.0	-64.0	-75.0	-87.0	-74.0	21.0	-37.0
4	-36.0	-60.0	-80.0	-79.0	-58.0	-75.0	-83.0	-70.0	21.0	-37.0
4	-39.0	-58.0	-71.0	-79.0	-54.0	-78.0	-86.0	-68.0	22.0	-36.0
4	-40.0	-58.0	-70.0	-79.0	-58.0	-79.0	-86.0	-67.0	23.0	-35.0
4	-53.0	-62.0	-74.0	-70.0	-53.0	-81.0	-86.0	-61.0	24.0	-35.0
4	-44.0	-58.0	-73.0	-78.0	-61.0	-80.0	-86.0	-64.0	25.0	-35.0
4	-44.0	-62.0	-71.0	-73.0	-63.0	-78.0	-84.0	-60.0	26.0	-35.0
4	-52.0	-56.0	-72.0	-73.0	-56.0	-72.0	-83.0	-60.0	26.0	-35.0
4	-50.0	-56.0	-70.0	-73.0	-60.0	-77.0	-82.0	-56.0	26.0	-36.0
4	-47.0	-56.0	-68.0	-76.0	-61.0	-79.0	-79.0	-58.0	25.0	-36.0
4	-51.0	-58.0	-68.0	-76.0	-60.0	-77.0	-79.0	-70.0	26.0	-38.0
4	-50.0	-56.0	-66.0	-76.0	-65.0	-74.0	-79.0	-60.0	28.0	-38.0
4	-47.0	-54.0	-59.0	-71.0	-62.0	-73.0	-81.0	-57.0	28.0	-38.0
4	-47.0	-60.0	-66.0	-71.0	-54.0	-72.0	-83.0	-60.0	29.0	-37.0
4	-53.0	-55.0	-61.0	-71.0	-60.0	-75.0	-83.0	-60.0	28.0	-38.0
4	-54.0	-53.0	-64.0	-71.0	-65.0	-76.0	-81.0	-53.0	28.0	-38.0
4	-45.0	-56.0	-67.0	-71.0	-59.0	-75.0	-81.0	-63.0	28.0	-37.0
4	-43.0	-62.0	-73.0	-71.0	-58.0	-79.0	-81.0	-58.0	28.0	-38.0
4	-43.0	-62.0	-68.0	-71.0	-64.0	-81.0	-81.0	-71.0	28.0	-38.0
4	-44.0	-58.0	-68.0	-71.0	-59.0	-82.0	-81.0	-64.0	28.0	-41.0
4	-44.0	-56.0	-65.0	-71.0	-57.0	-83.0	-81.0	-62.0	28.0	-41.0
4	-39.0	-51.0	-62.0	-76.0	-63.0	-79.0	-86.0	-60.0	24.0	-39.0
4	-37.0	-56.0	-69.0	-75.0	-69.0	-74.0	-86.0	-70.0	23.0	-38.0
4	-40.0	-60.0	-70.0	-75.0	-66.0	-73.0	-82.0	-74.0	22.0	-38.0
4	-43.0	-62.0	-70.0	-75.0	-62.0	-79.0	-87.0	-63.0	21.0	-36.0
4	-43.0	-62.0	-71.0	-73.0	-57.0	-81.0	-87.0	-59.0	22.0	-36.0
4	-48.0	-62.0	-76.0	-79.0	-62.0	-81.0	-87.0	-66.0	23.0	-36.0
4	-37.0	-64.0	-72.0	-77.0	-58.0	-78.0	-86.0	-69.0	22.0	-36.0
4	-36.0	-62.0	-72.0	-77.0	-62.0	-78.0	-83.0	-68.0	24.0	-36.0
4	-35.0	-57.0	-73.0	-80.0	-58.0	-78.0	-83.0	-66.0	24.0	-36.0
4	-33.0	-66.0	-74.0	-80.0	-55.0	-78.0	-83.0	-69.0	25.0	-37.0
4	-35.0	-63.0	-76.0	-80.0	-55.0	-78.0	-86.0	-63.0	26.0	-36.0
4	-29.0	-56.0	-70.0	-80.0	-53.0	-82.0	-86.0	-74.0	26.0	-36.0
4	-29.0	-59.0	-73.0	-80.0	-60.0	-78.0	-82.0	-69.0	26.0	-35.0
4	-32.0	-69.0	-73.0	-79.0	-88.0	-77.0	-85.0	-69.0	26.0	-35.0
4	-31.0	-67.0	-71.0	-79.0	-50.0	-83.0	-85.0	-67.0	26.0	-35.0
4	-32.0	-61.0	-76.0	-79.0	-50.0	-85.0	-85.0	-70.0	26.0	-36.0
4	-33.0	-56.0	-66.0	-79.0	-51.0	-80.0	-85.0	-67.0	21.0	-38.0
4	-28.0	-57.0	-72.0	-79.0	-55.0	-79.0	-85.0	-67.0	19.0	-38.0
4	-31.0	-55.0	-75.0	-79.0	-57.0	-75.0	-85.0	-70.0	21.0	-36.0
4	-34.0	-59.0	-70.0	-79.0	-63.0	-78.0	-84.0	-59.0	21.0	-37.0
4	-32.0	-57.0	-66.0	-79.0	-59.0	-77.0	-87.0	-61.0	24.0	-36.0
4	-45.0	-54.0	-67.0	-76.0	-61.0	-79.0	-85.0	-65.0	24.0	-35.0
4	-42.0	-57.0	-71.0	-76.0	-59.0	-76.0	-85.0	-67.0	23.0	-36.0
4	-46.0	-65.0	-81.0	-68.0	-58.0	-76.0	-85.0	-64.0	24.0	-37.0
4	-50.0	-59.0	-71.0	-69.0	-54.0	-78.0	-85.0	-70.0	25.0	-36.0
4	-43.0	-57.0	-68.0	-68.0	-64.0	-76.0	-87.0	-64.0	24.0	-36.0
4	-48.0	-57.0	-70.0	-74.0	-59.0	-78.0	-85.0	-57.0	25.0	-36.0
4	-46.0	-55.0	-69.0	-73.0	-58.0	-79.0	-85.0	-62.0	25.0	-37.0
4	-50.0	-56.0	-59.0	-79.0	-57.0	-81.0	-83.0	-64.0	25.0	-36.0
4	-48.0	-54.0	-68.0	-77.0	-73.0	-82.0	-83.0	-72.0	25.0	-38.0
4	-51.0	-59.0	-68.0	-77.0	-66.0	-80.0	-87.0	-69.0	26.0	-38.0
4	-41.0	-52.0	-66.0	-77.0	-58.0	-80.0	-85.0	-63.0	27.0	-36.0
4	-48.0	-59.0	-75.0	-77.0	-60.0	-76.0	-85.0	-62.0	28.0	-36.0
4	-43.0	-64.0	-70.0	-71.0	-57.0	-70.0	-82.0	-62.0	28.0	-37.0
4	-44.0	-60.0	-66.0	-76.0	-61.0	-73.0	-81.0	-69.0	30.0	-37.0
4	-46.0	-60.0	-67.0	-76.0	-56.0	-80.0	-85.0	-57.0	32.0	-39.0
4	-45.0	-59.0	-70.0	-76.0	-58.0	-80.0	-87.0	-71.0	30.0	-41.0
4	-44.0	-58.0	-70.0	-79.0	-54.0	-83.0	-86.0	-61.0	27.0	-40.0
4	-42.0	-69.0	-67.0	-79.0	-54.0	-82.0	-85.0	-65.0	25.0	-41.0
4	-44.0	-69.0	-69.0	-80.0	-54.0	-81.0	-86.0	-61.0	23.0	-38.0
4	-39.0	-62.0	-74.0	-80.0	-59.0	-81.0	-86.0	-61.0	24.0	-36.0
4	-38.0	-54.0	-74.0	-80.0	-63.0	-81.0	-86.0	-72.0	25.0	-34.0
4	-34.0	-57.0	-71.0	-80.0	-61.0	-79.0	-86.0	-63.0	28.0	-34.0
4	-34.0	-59.0	-73.0	-80.0	-58.0	-84.0	-86.0	-65.0	25.0	-34.0
4	-32.0	-63.0	-73.0	-81.0	-51.0	-84.0	-86.0	-66.0	24.0	-34.0
4	-41.0	-62.0	-76.0	-81.0	-54.0	-80.0	-86.0	-70.0	24.0	-34.0
4	-37.0	-63.0	-76.0	-81.0	-47.0	-83.0	-86.0	-68.0	24.0	-35.0
4	-38.0	-62.0	-76.0	-81.0	-49.0	-84.0	-86.0	-67.0	26.0	-36.0
4	-30.0	-55.0	-70.0	-81.0	-51.0	-84.0	-86.0	-69.0	22.0	-37.0
4	-27.0	-59.0	-76.0	-82.0	-54.0	-81.0	-86.0	-68.0	19.0	-38.0
4	-31.0	-61.0	-70.0	-78.0	-59.0	-75.0	-84.0	-67.0	22.0	-36.0
4	-39.0	-56.0	-70.0	-73.0	-51.0	-81.0	-84.0	-73.0	22.0	-36.0
4	-40.0	-58.0	-74.0	-73.0	-62.0	-83.0	-84.0	-64.0	24.0	-35.0
4	-47.0	-66.0	-71.0	-75.0	-57.0	-78.0	-83.0	-64.0	24.0	-36.0
4	-45.0	-63.0	-69.0	-74.0	-64.0	-77.0	-85.0	-63.0	24.0	-36.0
4	-49.0	-62.0	-69.0	-74.0	-54.0	-78.0	-85.0	-62.0	24.0	-36.0
4	-44.0	-62.0	-72.0	-69.0	-67.0	-71.0	-79.0	-64.0	24.0	-36.0
4	-47.0	-57.0	-64.0	-71.0	-58.0	-76.0	-80.0	-64.0	24.0	-36.0
4	-47.0	-54.0	-70.0	-69.0	-57.0	-76.0	-80.0	-63.0	25.0	-36.0
4	-50.0	-65.0	-66.0	-69.0	-63.0	-76.0	-86.0	-57.0	25.0	-36.0
4	-50.0	-56.0	-66.0	-69.0	-64.0	-74.0	-84.0	-58.0	25.0	-37.0
4	-45.0	-54.0	-64.0	-77.0	-66.0	-72.0	-80.0	-62.0	28.0	-37.0
4	-53.0	-54.0	-64.0	-72.0	-54.0	-75.0	-81.0	-53.0	32.0	-40.0
4	-50.0	-60.0	-70.0	-71.0	-56.0	-75.0	-81.0	-68.0	31.0	-40.0
4	-45.0	-59.0	-70.0	-73.0	-64.0	-79.0	-81.0	-58.0	31.0	-39.0
4	-50.0	-57.0	-60.0	-77.0	-58.0	-77.0	-86.0	-59.0	27.0	-39.0
4	-52.0	-64.0	-63.0	-65.0	-66.0	-76.0	-81.0	-58.0	24.0	-39.0
4	-56.0	-55.0	-69.0	-65.0	-67.0	-72.0	-81.0	-67.0	23.0	-38.0
4	-46.0	-53.0	-73.0	-65.0	-64.0	-70.0	-77.0	-66.0	23.0	-38.0
4	-45.0	-56.0	-62.0	-65.0	-66.0	-79.0	-84.0	-64.0	23.0	-37.0
4	-43.0	-56.0	-69.0	-65.0	-60.0	-76.0	-86.0	-67.0	23.0	-37.0
4	-43.0	-52.0	-71.0	-65.0	-59.0	-79.0	-86.0	-67.0	23.0	-36.0
4	-50.0	-58.0	-70.0	-65.0	-56.0	-79.0	-86.0	-67.0	23.0	-37.0
4	-47.0	-58.0	-72.0	-65.0	-62.0	-84.0	-86.0	-61.0	23.0	-37.0
4	-40.0	-62.0	-67.0	-65.0	-59.0	-80.0	-86.0	-61.0	22.0	-37.0
4	-45.0	-63.0	-67.0	-76.0	-57.0	-77.0	-86.0	-64.0	21.0	-37.0
4	-38.0	-59.0	-72.0	-76.0	-57.0	-78.0	-86.0	-64.0	23.0	-37.0
4	-47.0	-64.0	-73.0	-76.0	-59.0	-79.0	-86.0	-62.0	23.0	-36.0
4	-37.0	-62.0	-72.0	-76.0	-55.0	-80.0	-85.0	-68.0	23.0	-36.0
4	-42.0	-58.0	-70.0	-80.0	-56.0	-78.0	-86.0	-70.0	23.0	-36.0
4	-40.0	-62.0	-70.0	-80.0	-59.0	-78.0	-86.0	-69.0	24.0	-36.0
4	-34.0	-57.0	-77.0	-74.0	-55.0	-78.0	-83.0	-69.0	25.0	-37.0
4	-32.0	-66.0	-69.0	-74.0	-52.0	-88.0	-83.0	-68.0	26.0	-36.0
4	-30.0	-58.0	-69.0	-74.0	-52.0	-81.0	-83.0	-64.0	26.0	-35.0
4	-37.0	-54.0	-76.0	-68.0	-51.0	-76.0	-85.0	-67.0	24.0	-35.0
4	-39.0	-63.0	-67.0	-68.0	-55.0	-81.0	-85.0	-74.0	25.0	-34.0
4	-43.0	-58.0	-70.0	-72.0	-56.0	-77.0	-84.0	-65.0	30.0	-33.0
4	-47.0	-54.0	-72.0	-73.0	-61.0	-82.0	-84.0	-65.0	35.0	-34.0
4	-41.0	-57.0	-62.0	-76.0	-61.0	-79.0	-84.0	-60.0	32.0	-33.0
4	-54.0	-55.0	-62.0	-76.0	-62.0	-76.0	-84.0	-68.0	27.0	-33.0
4	-51.0	-56.0	-64.0	-78.0	-63.0	-78.0	-83.0	-60.0	25.0	-36.0
4	-52.0	-55.0	-60.0	-78.0	-62.0	-83.0	-83.0	-56.0	25.0	-38.0
4	-47.0	-53.0	-63.0	-71.0	-51.0	-79.0	-82.0	-65.0	30.0	-44.0
4	-51.0	-56.0	-68.0	-76.0	-63.0	-78.0	-81.0	-63.0	34.0	-46.0
4	-51.0	-56.0	-67.0	-73.0	-64.0	-77.0	-82.0	-65.0	33.0	-41.0
4	-50.0	-57.0	-65.0	-73.0	-62.0	-79.0	-82.0	-65.0	29.0	-40.0
4	-54.0	-59.0	-58.0	-76.0	-64.0	-77.0	-81.0	-64.0	27.0	-38.0
4	-56.0	-54.0	-58.0	-68.0	-61.0	-78.0	-80.0	-55.0	25.0	-38.0
4	-51.0	-59.0	-66.0	-73.0	-69.0	-74.0	-81.0	-70.0	23.0	-39.0
4	-56.0	-49.0	-66.0	-73.0	-67.0	-72.0	-78.0	-70.0	24.0	-38.0
4	-44.0	-53.0	-69.0	-73.0	-65.0	-79.0	-85.0	-71.0	24.0	-38.0
4	-49.0	-53.0	-67.0	-73.0	-61.0	-78.0	-85.0	-63.0	23.0	-37.0
4	-43.0	-49.0	-64.0	-80.0	-64.0	-76.0	-86.0	-62.0	23.0	-37.0
4	-44.0	-60.0	-67.0	-80.0	-56.0	-79.0	-86.0	-59.0	23.0	-36.0
4	-43.0	-62.0	-73.0	-80.0	-64.0	-78.0	-84.0	-66.0	22.0	-37.0
4	-44.0	-62.0	-73.0	-80.0	-58.0	-80.0	-84.0	-64.0	23.0	-36.0
4	-46.0	-56.0	-74.0	-80.0	-60.0	-79.0	-84.0	-64.0	23.0	-36.0
4	-37.0	-56.0	-74.0	-80.0	-60.0	-78.0	-84.0	-78.0	23.0	-36.0
4	-39.0	-62.0	-71.0	-80.0	-59.0	-79.0	-86.0	-64.0	23.0	-36.0
4	-39.0	-59.0	-74.0	-80.0	-54.0	-75.0	-85.0	-68.0	24.0	-36.0
4	-37.0	-64.0	-73.0	-80.0	-55.0	-77.0	-85.0	-64.0	24.0	-37.0
4	-39.0	-62.0	-69.0	-80.0	-56.0	-80.0	-85.0	-64.0	24.0	-36.0
4	-39.0	-62.0	-74.0	-76.0	-56.0	-81.0	-85.0	-66.0	25.0	-36.0
4	-33.0	-61.0	-72.0	-78.0	-56.0	-78.0	-85.0	-69.0	25.0	-37.0
4	-31.0	-56.0	-72.0	-78.0	-56.0	-79.0	-86.0	-72.0	25.0	-38.0
4	-35.0	-56.0	-66.0	-78.0	-58.0	-74.0	-86.0	-72.0	25.0	-37.0
4	-33.0	-59.0	-67.0	-74.0	-51.0	-76.0	-82.0	-73.0	25.0	-36.0
4	-33.0	-60.0	-67.0	-75.0	-52.0	-78.0	-85.0	-68.0	25.0	-34.0
4	-45.0	-59.0	-76.0	-71.0	-52.0	-77.0	-85.0	-74.0	24.0	-33.0
4	-45.0	-65.0	-71.0	-71.0	-48.0	-77.0	-85.0	-64.0	27.0	-33.0
4	-52.0	-54.0	-71.0	-75.0	-51.0	-79.0	-85.0	-67.0	30.0	-33.0
4	-42.0	-64.0	-59.0	-72.0	-64.0	-80.0	-86.0	-62.0	33.0	-33.0
4	-48.0	-51.0	-65.0	-78.0	-63.0	-77.0	-86.0	-64.0	29.0	-33.0
4	-46.0	-53.0	-64.0	-78.0	-53.0	-79.0	-86.0	-66.0	25.0	-34.0
4	-49.0	-57.0	-70.0	-78.0	-63.0	-78.0	-83.0	-60.0	25.0	-38.0
4	-47.0	-55.0	-61.0	-78.0	-52.0	-79.0	-83.0	-59.0	26.0	-41.0
4	-52.0	-51.0	-63.0	-78.0	-55.0	-77.0	-83.0	-59.0	29.0	-44.0
4	-53.0	-54.0	-63.0	-75.0	-55.0	-80.0	-81.0	-62.0	34.0	-46.0
4	-54.0	-54.0	-59.0	-77.0	-66.0	-80.0	-81.0	-59.0	34.0	-41.0
4	-52.0	-59.0	-58.0	-77.0	-62.0	-74.0	-81.0	-63.0	30.0	-39.0
4	-48.0	-58.0	-59.0	-71.0	-57.0	-78.0	-83.0	-58.0	25.0	-38.0
4	-45.0	-57.0	-71.0	-71.0	-70.0	-73.0	-83.0	-65.0	24.0	-39.0
4	-46.0	-58.0	-71.0	-71.0	-61.0	-74.0	-80.0	-70.0	24.0	-38.0
4	-47.0	-53.0	-66.0	-71.0	-58.0	-79.0	-79.0	-69.0	23.0	-38.0
4	-53.0	-58.0	-69.0	-71.0	-66.0	-79.0	-87.0	-71.0	23.0	-37.0
4	-45.0	-52.0	-63.0	-71.0	-61.0	-74.0	-87.0	-63.0	23.0	-37.0
4	-42.0	-56.0	-65.0	-78.0	-60.0	-81.0	-87.0	-69.0	22.0	-36.0
4	-43.0	-61.0	-74.0	-78.0	-59.0	-81.0	-87.0	-69.0	23.0	-36.0
4	-43.0	-65.0	-67.0	-78.0	-63.0	-78.0	-87.0	-63.0	22.0	-36.0
4	-42.0	-64.0	-72.0	-78.0	-59.0	-80.0	-87.0	-67.0	23.0	-36.0
4	-43.0	-62.0	-71.0	-76.0	-64.0	-78.0	-87.0	-64.0	23.0	-36.0
4	-46.0	-57.0	-76.0	-76.0	-58.0	-80.0	-86.0	-72.0	23.0	-36.0
4	-36.0	-57.0	-70.0	-76.0	-59.0	-79.0	-86.0	-69.0	24.0	-36.0
4	-37.0	-59.0	-72.0	-76.0	-56.0	-78.0	-86.0	-67.0	24.0	-36.0
4	-41.0	-59.0	-72.0	-83.0	-58.0	-83.0	-86.0	-65.0	24.0	-36.0
4	-32.0	-61.0	-70.0	-83.0	-59.0	-79.0	-86.0	-67.0	24.0	-37.0
4	-38.0	-57.0	-67.0	-83.0	-62.0	-77.0	-86.0	-76.0	22.0	-38.0
4	-37.0	-62.0	-70.0	-83.0	-67.0	-72.0	-84.0	-70.0	23.0	-37.0
4	-46.0	-56.0	-64.0	-76.0	-64.0	-73.0	-83.0	-65.0	25.0	-36.0
4	-50.0	-53.0	-63.0	-79.0	-57.0	-81.0	-86.0	-70.0	25.0	-36.0
4	-46.0	-56.0	-70.0	-76.0	-62.0	-77.0	-85.0	-59.0	25.0	-36.0
4	-44.0	-55.0	-74.0	-76.0	-64.0	-78.0	-83.0	-59.0	25.0	-36.0
4	-46.0	-56.0	-73.0	-70.0	-62.0	-78.0	-83.0	-58.0	26.0	-36.0
4	-43.0	-56.0	-68.0	-77.0	-57.0	-78.0	-83.0	-67.0	25.0	-36.0
4	-48.0	-56.0	-71.0	-78.0	-54.0	-76.0	-81.0	-65.0	26.0	-35.0
4	-49.0	-58.0	-70.0	-78.0	-54.0	-79.0	-83.0	-59.0	25.0	-36.0
4	-50.0	-58.0	-70.0	-72.0	-58.0	-78.0	-81.0	-61.0	25.0	-35.0
4	-51.0	-56.0	-70.0	-76.0	-59.0	-77.0	-81.0	-67.0	25.0	-35.0
4	-43.0	-56.0	-70.0	-76.0	-60.0	-79.0	-79.0	-66.0	25.0	-35.0
4	-52.0	-59.0	-71.0	-71.0	-60.0	-78.0	-83.0	-66.0	25.0	-35.0
4	-50.0	-58.0	-68.0	-67.0	-64.0	-78.0	-82.0	-60.0	25.0	-36.0
4	-44.0	-61.0	-66.0	-74.0	-59.0	-78.0	-82.0	-60.0	24.0	-35.0
4	-49.0	-55.0	-69.0	-77.0	-66.0	-75.0	-83.0	-59.0	24.0	-36.0
4	-46.0	-60.0	-71.0	-77.0	-58.0	-74.0	-83.0	-60.0	25.0	-37.0
4	-49.0	-55.0	-61.0	-77.0	-62.0	-79.0	-81.0	-56.0	27.0	-39.0
4	-46.0	-62.0	-63.0	-76.0	-54.0	-75.0	-78.0	-60.0	28.0	-39.0
4	-49.0	-57.0	-63.0	-75.0	-59.0	-75.0	-81.0	-65.0	29.0	-39.0
